reelStrip1=7,5,11,3,9,5,10,7,1,0,7,1,6,9,12,11,2,8,5,10,4,8,2,9,3,11,2,9
reelStrip2=8,2,10,11,3,10,8,4,6,0,4,6,11,12,6,8,5,11,7,1,10,7,3,9,6,12,10,8,2,6,11,1,8,10,5,6
reelStrip3=2,11,9,4,6,7,3,8,7,0,8,7,12,9,4,8,3,10,6,0,10,6,3,9,8,1,9,10,2,6,7,5,11,6,5,10,9,1,11,7
reelStrip4=1,8,9,4,11,6,2,9,11,0,3,6,11,12,7,8,6,0,9,11,4,8,10,5,7,11,3,10,0,8,5,6,10,2,11,7,1,10,9,5,0,9,10,3,8,10
reelStrip5=1,6,8,3,7,6,5,11,9,0,2,5,10,12,9,5,9,2,10,0,2,10,4,8,5,10,4,8,3,6,7,1,10,7,3,9,8
reelStrip6=
reelStripBonus1=7,5,11,3,9,5,10,7,1,0,7,1,6,9,12,11,2,8,5,10,4,8,2,9,3,11,2,9
reelStripBonus2=8,2,10,11,3,10,8,4,6,0,4,6,11,12,6,8,5,11,7,1,10,7,3,9,6,12,10,8,2,6,11,1,8,10,5,6
reelStripBonus3=2,11,9,4,6,7,3,8,7,0,8,7,12,9,4,8,3,10,6,0,10,6,3,9,8,1,9,10,2,6,7,5,11,6,5,10,9,1,11,7
reelStripBonus4=1,8,9,4,11,6,2,9,11,0,3,6,11,12,7,8,6,0,9,11,4,8,10,5,7,11,3,10,0,8,5,6,10,2,11,7,1,10,9,5,0,9,10,3,8,10
reelStripBonus5=1,6,8,3,7,6,5,11,9,0,2,5,10,12,9,5,9,2,10,0,2,10,4,8,5,10,4,8,3,6,7,1,10,7,3,9,8
reelStripBonus6=