reelStrip1=1,3,5,7,9,2,4,6,8,1,4,2,3,1,8,7,6,5,2,9,2,1,6,3,4,5,10,1,2,8,9,4,3,6,4,1,9,2,4,6,8,1,4,2
reelStrip2=1,3,5,7,9,2,4,6,8,1,4,2,3,1,8,7,6,5,2,9,2,1,6,3,4,5,10,1,2,8,9,4,3,6,4,1,9,2,4,6,8,1,4,2
reelStrip3=1,3,5,7,9,2,4,6,8,1,4,2,3,1,8,7,6,5,2,9,2,1,6,3,4,5,10,1,2,8,9,4,3,6,4,1,9,2,4,6,8,1,4,2
reelStrip4=1,3,5,7,9,2,4,6,8,1,4,2,3,1,8,7,6,5,2,9,2,1,6,3,4,5,10,1,2,8,9,4,3,6,4,1,9,2,4,6,8,1,4,2
reelStrip5=1,3,5,7,9,2,4,6,8,1,4,2,3,1,8,7,6,5,2,9,2,1,6,3,4,5,10,1,2,8,9,4,3,6,4,1,9,2,4,6,8,1,4,2
reelStrip6=
reelStripBonus1=1,3,5,7,9,2,4,6,8,1,4,2,3,1,8,7,6,5,2,9,2,1,6,3,4,5,10,1,2,8,9,4,3,6,4,1,9,2,4,6,8,1,4,2
reelStripBonus2=1,3,5,7,9,2,4,6,8,1,4,2,3,1,8,7,6,5,2,9,2,1,6,3,4,5,10,1,2,8,9,4,3,6,4,1,9,2,4,6,8,1,4,2
reelStripBonus3=1,3,5,7,9,2,4,6,8,1,4,2,3,1,8,7,6,5,2,9,2,1,6,3,4,5,10,1,2,8,9,4,3,6,4,1,9,2,4,6,8,1,4,2
reelStripBonus4=1,3,5,7,9,2,4,6,8,1,4,2,3,1,8,7,6,5,2,9,2,1,6,3,4,5,10,1,2,8,9,4,3,6,4,1,9,2,4,6,8,1,4,2
reelStripBonus5=1,3,5,7,9,2,4,6,8,1,4,2,3,1,8,7,6,5,2,9,2,1,6,3,4,5,10,1,2,8,9,4,3,6,4,1,9,2,4,6,8,1,4,2
reelStripBonus6=