reelStrip1=2,4,1,3,1,2,5,4,0,0,0,2,2,2,6,6,6,3,7,2,5,4,2,7,0,0,3,7,5,3,1,5,3,0,1,2,5,4,2,7,3,3,3,3,0,7,2,4,2,2,2,2,4,2,1,6,4,1,0,2,5,1,4,2,2,2,4,4,4,6,3,3,2,3
reelStrip2=2,4,1,3,1,1,1,1,2,5,4,0,2,2,2,4,0,0,0,3,3,3,3,2,5,4,2,7,0,0,0,3,3,5,3,1,5,3,6,6,6,1,2,5,4,2,7,5,5,5,3,0,7,2,4,2,4,4,4,4,2,1,6,4,1,0,2,5,5,5,1,4,2,2,3,3,3,3,7,2,3
reelStrip3=2,4,1,3,1,2,5,4,0,0,0,2,7,6,6,6,3,3,3,2,5,4,2,0,0,0,3,7,5,3,1,5,3,0,1,2,5,4,2,7,3,3,3,3,0,7,2,4,2,2,2,2,4,2,1,6,4,1,0,2,5,1,4,2,7,6,3,7,2,3
reelStrip4=2,4,1,3,1,1,1,1,2,5,4,0,2,2,2,4,0,0,0,3,3,3,3,2,5,4,2,7,0,0,0,3,3,5,3,1,5,3,6,6,6,1,2,5,4,2,7,5,5,5,3,0,7,2,4,2,4,4,4,4,2,1,6,4,1,0,2,5,5,5,1,4,2,2,3,3,3,3,7,2,3
reelStrip5=2,4,1,3,1,2,5,4,0,0,0,2,1,1,1,6,6,6,3,2,2,5,4,2,2,0,0,3,7,5,3,1,5,3,0,1,2,5,4,2,7,3,3,3,3,0,7,2,4,2,2,2,2,4,2,1,6,4,1,0,2,5,1,4,2,7,6,3,3,2,3
reelStrip6=
reelStripBonus1=2,4,1,6,1,2,5,4,2,7,6,3,7,2,5,4,2,7,6,3,7,5,3,1,5,3,6,1,2,5,4,2,7,6,3,7,2,4,2,6,4,2,1,6,4,1,3,2,5,3,4,2,7,6,3,7,2,3
reelStripBonus2=2,4,1,6,1,2,5,4,2,7,6,3,7,2,5,4,2,7,6,3,7,5,3,1,5,3,6,1,2,5,4,2,7,6,3,7,2,4,2,6,4,2,1,6,4,1,3,2,5,3,4,2,7,6,3,7,2,3
reelStripBonus3=2,4,1,6,1,2,5,4,2,7,6,3,7,2,5,4,2,7,6,3,7,5,3,1,5,3,6,1,2,5,4,2,7,6,3,7,2,4,2,6,4,2,1,6,4,1,3,2,5,3,4,2,7,6,3,7,2,3
reelStripBonus4=2,4,1,6,1,2,5,4,2,7,6,3,7,2,5,4,2,7,6,3,7,5,3,1,5,3,6,1,2,5,4,2,7,6,3,7,2,4,2,6,4,2,1,6,4,1,3,2,5,3,4,2,7,6,3,7,2,3
reelStripBonus5=2,4,1,6,1,2,5,4,2,7,6,3,7,2,5,4,2,7,6,3,7,5,3,1,5,3,6,1,2,5,4,2,7,6,3,7,2,4,2,6,4,2,1,6,4,1,3,2,5,3,4,2,7,6,3,7,2,3
reelStripBonus6=