reelStrip1=5, 5, 5, 6, 6, 6, 5, 5, 1, 1, 4, 1, 4, 4, 8, 5, 4, 3, 0, 0, 3, 3, 3, 2, 5, 7, 7, 2, 5, 5, 2, 2, 4, 4, 8, 6, 4, 2, 2, 5, 4, 7, 7, 7, 7, 7, 6, 6, 6, 6, 6, 6, 6, 7, 7, 7, 6
reelStrip2=5, 5, 1, 1, 0, 1, 6, 6, 6, 7, 7, 7, 3, 3, 3, 4, 4, 2, 4, 2, 2, 0, 6, 6, 5, 5, 5, 1, 1, 3, 3, 6, 6, 6, 6, 4, 4, 4, 0, 2, 1, 1, 9, 9, 9, 7, 7, 7, 7, 7
reelStrip3=5, 5, 5, 0, 6, 6, 6, 4, 4, 4, 0, 4, 1, 1, 1, 3, 3, 3, 7, 5, 5, 5, 2, 2, 2, 2, 3, 3, 3, 7, 7, 4, 4, 6, 6, 6, 6, 0, 4, 4, 4, 7, 7, 9, 9, 9, 7, 7, 7
reelStrip4=5, 6, 5, 5, 6, 6, 6, 3, 3, 7, 1, 1, 0, 4, 4, 4, 7, 4, 0, 4, 3, 3, 3, 2, 2, 5, 5, 6, 6, 7, 7, 0, 1, 1, 6, 6, 6, 4, 4, 4, 2, 2, 1, 1, 2, 9, 9, 9, 7, 7, 7, 7
reelStrip5=5, 5, 5, 1, 1, 4, 6, 6, 4, 4, 4, 4, 3, 3, 3, 5, 0, 7, 7, 6, 6, 7, 2, 2, 0, 3, 3, 6, 6, 6, 0, 1, 5, 5, 5, 0, 2, 2, 1, 1, 4, 4, 9, 9, 9, 7, 7, 7, 7, 7
reelStrip6=7, 8, 5, 5, 5, 3, 6, 6, 0, 4, 1, 4, 2, 2, 2, 7, 7, 7, 1, 1, 2, 2, 2, 4, 4, 4, 3, 3, 3, 5, 5, 5, 6, 6, 6, 7, 7, 7, 6, 6, 6, 7, 7, 7, 7, 7, 7, 7
reelStripBonus1=5, 5, 5, 6, 6, 6, 5, 5, 1, 1, 4, 1, 4, 4, 8, 5, 4, 3, 0, 0, 3, 3, 3, 2, 5, 7, 7, 2, 5, 5, 2, 2, 4, 4, 8, 6, 4, 2, 2, 5, 4, 7, 7, 7, 7, 7, 6, 6, 6
reelStripBonus2=5, 5, 1, 1, 0, 6, 6, 6, 7, 7, 7, 3, 3, 3, 4, 4, 4, 2, 2, 0, 6, 6, 5, 5, 5, 1, 3, 3, 9, 6, 6, 6, 6, 4, 4, 4, 2, 1, 9, 9, 9, 7, 7, 7, 7
reelStripBonus3=5, 5, 5, 0, 6, 6, 6, 4, 4, 4, 4, 1, 1, 1, 3, 3, 3, 7, 5, 5, 5, 9, 2, 2, 2, 3, 3, 3, 7, 7, 6, 6, 6, 6, 4, 4, 4, 7, 7, 9, 9, 9, 7, 7, 7
reelStripBonus4=5, 6, 5, 5, 6, 6, 6, 3, 3, 7, 1, 1, 0, 4, 4, 9, 7, 4, 4, 3, 3, 3, 2, 5, 5, 6, 7, 7, 1, 6, 6, 6, 4, 4, 4, 2, 2, 1, 2, 9, 9, 9, 7, 7, 7, 7
reelStripBonus5=5, 5, 5, 1, 1, 4, 6, 6, 4, 4, 4, 4, 9, 3, 3, 3, 5, 0, 7, 7, 6, 6, 7, 2, 3, 3, 6, 6, 6, 5, 5, 5, 2, 2, 1, 4, 4, 9, 9, 9, 7, 7, 7, 7
reelStripBonus6=7, 8, 5, 5, 5, 3, 6, 6, 0, 4, 1, 4, 2, 2, 2, 7, 7, 7, 1, 1, 2, 2, 2, 4, 4, 4, 3, 3, 3, 5, 5, 5, 6, 6, 6, 7, 7, 7, 6, 6, 6, 7, 7, 7, 7, 7, 7, 7