reelStrip1=6,4,10,0,8,11,7,10,6,1,10,4,7,8,3,6,8,12,9,8,2,6,5,10,7,9,10,5,9,3
reelStrip2=6,5,7,0,6,7,10,1,8,9,11,4,10,6,2,9,8,1,7,9,5,7,10,12,11,3,9,5,7,4,2,9,11,3,7,9,4,7,9,5,11,3,8
reelStrip3=2,10,8,0,10,3,7,8,1,7,4,9,3,6,11,1,9,7,8,11,12,8,10,5,10,2,9,8,3,6,5,8,10,1,6,4,11,6,2,10,9,4,6
reelStrip4=2,7,10,0,8,2,6,9,3,8,1,6,4,9,5,11,9,4,11,7,5,10,12,7,4,9,1,6,4,11,5,7,10,0,8,2,4,11,3,9,5,11,9
reelStrip5=1,7,6,0,7,3,8,5,11,9,4,10,2,6,7,1,8,5,9,10,1,11,12,5,9,3,11,4,6,1,9,7,1,11,9,2,7,9,3,11,5,7,11
reelStrip6=
reelStripBonus1=10,6,9,11,8,5,10,2,9,7,8,6,0,10,4,9,7,11,8,3,10,1,6,9,7,2,6,10,5,12,4,8,3,1
reelStripBonus2=9,5,10,2,7,4,10,11,3,9,5,8,0,10,4,2,7,12,8,6,3,10,0,7,5,0,11,7,4,9,1,6,3,8,12
reelStripBonus3=10,7,11,5,9,2,8,6,11,4,10,1,9,7,12,3,8,0,10,5,11,2,6,12,5,10,2,7,9,2,8,4,11,3,6,1
reelStripBonus4=10,5,7,11,9,4,10,2,8,3,10,0,6,5,7,11,9,4,6,1,8,3,7,2,10,5,6,12,9,4,7,1,8,3,6,12
reelStripBonus5=10,7,11,6,5,9,2,7,4,11,8,3,6,0,5,10,1,7,4,9,12,8,3,11,6,5,10,1,7,4,9,12,6,3,8,2
reelStripBonus6=