reelStrip1=10,1,1,1,7,5,9,4,9,7,11,6,7,10,8,7,9,6,8,5,6,7,5,2,2,3,4,9,3
reelStrip2=7,1,1,1,8,3,2,7,9,10,11,4,9,7,4,8,0,7,3,5,4,3,10,2,2,10,5
reelStrip3=10,1,1,1,4,3,6,5,2,6,5,8,11,9,3,6,7,3,0,6,4,9,7,8,9,2,2,9,4
reelStrip4=10,1,1,1,6,4,10,9,2,3,9,6,11,7,5,4,10,7,0,4,5,9,3,2,2,4,8,3
reelStrip5=6,1,1,1,8,4,2,6,3,10,11,5,3,10,7,9,0,8,10,7,8,4,9,2,2,8,7,5
reelStrip6=
reelStripBonus1=10,1,1,1,7,5,9,4,9,7,11,6,7,10,8,7,9,6,8,5,6,7,5,2,2,3,4,9,3
reelStripBonus2=7,1,1,1,8,3,2,7,9,10,11,4,9,7,4,8,0,7,3,5,4,3,10,2,2,10,5
reelStripBonus3=10,1,1,1,4,3,6,5,2,6,5,8,11,9,3,6,7,3,0,6,4,9,7,8,9,2,2,9,4
reelStripBonus4=10,1,1,1,6,4,10,9,2,3,9,6,11,7,5,4,10,7,0,4,5,9,3,2,2,4,8,3
reelStripBonus5=6,1,1,1,8,4,2,6,3,10,11,5,3,10,7,9,0,8,10,7,8,4,9,2,2,8,7,5
reelStripBonus6=