reelStrip1=9,5,11,7,8,5,1,7,11,8,10,5,11,4,10,5,9,3,4,6,10,8,1,10,6,11,9,10,3,8~6,9,8,7,10,5,3,7,4,6,8,5,1,4,9,10,11,3,1,6,4,7,1,11,10,5,11,6,3,1~7,9,1,10,11,5,9,3,4,6,7,5,9,10,11,4,8,1,9,6,5,3,4,6,9,1,6,7,5,4~11,6,3,10,4,6,1,7,4,1,9,11,10,5,1,9,11,5,7,8,4,9,1,4,5,10,7,5,3,7~6,4,9,5,8,11,5,10,7,9,3,1,11,7,8,9,11,3,7,6,11,3,9,4,3,5,11,7,1,5
reelStrip2=10,5,7,10,8,9,1,7,8,11,10,9,6,4,10,11,1,4,3,9,4,1,6,8,10,11,7,1,3,8~6,9,5,1,10,8,3,7,6,4,8,9,3,4,8,3,11,9,8,6,11,3,1,7,3,5,7,10,3,7~3,9,6,10,11,6,1,3,10,4,7,6,8,10,7,3,8,11,5,6,10,3,4,5,9,1,10,7,5,1~5,6,7,10,4,3,6,7,11,10,9,11,3,5,8,4,11,1,3,8,5,9,1,7,11,10,9,11,3,1~9,4,1,7,8,9,6,10,1,5,3,8,5,7,6,1,11,5,3,6,11,3,9,6,10,5,3,4,1,11
reelStrip3=1,5,7,1,8,6,1,9,3,1,9,11,1,4,10,1,11,8,1,10,7,1,8,10,1,7~1,5,7,1,8,6,1,9,3,1,9,11,1,4,10,1,11,8,1,10,7,1,8,10,1,7~1,5,7,1,8,6,1,9,3,1,9,11,1,4,10,1,11,8,1,10,7,1,8,10,1,7~3,7,9,11,10,4,8,10,7,11,5,8,9,6,7,11,8,10,9,7,11,8,9,10~3,7,9,11,10,4,8,10,7,11,5,8,9,6,7,11,8,10,9,7,11,8,9,10
reelStrip4=1,5,7,1,8,6,1,9,3,1,9,11,1,4,10,1,11,8,1,10,7,1,8,10,1,7~1,5,7,1,8,6,1,9,3,1,9,11,1,4,10,1,11,8,1,10,7,1,8,10,1,7~3,7,9,11,10,4,8,10,7,11,5,8,9,6,7,11,8,10,9,7,11,8,9,10~1,5,7,1,8,6,1,9,3,1,9,11,1,4,10,1,11,8,1,10,7,1,8,10,1,7~3,7,9,11,10,4,8,10,7,11,5,8,9,6,7,11,8,10,9,7,11,8,9,10
reelStrip5=1,5,7,1,8,6,1,9,3,1,9,11,1,4,10,1,11,8,1,10,7,1,8,10,1,7~1,5,7,1,8,6,1,9,3,1,9,11,1,4,10,1,11,8,1,10,7,1,8,10,1,7~3,7,9,11,10,4,8,10,7,11,5,8,9,6,7,11,8,10,9,7,11,8,9,10~3,7,9,11,10,4,8,10,7,11,5,8,9,6,7,11,8,10,9,7,11,8,9,10~1,5,7,1,8,6,1,9,3,1,9,11,1,4,10,1,11,8,1,10,7,1,8,10,1,7
reelStrip6=
reelStripBonus1=9,5,11,7,8,5,1,7,11,8,10,5,11,4,10,5,9,3,4,6,10,8,1,10,6,11,9,10,3,8~6,9,8,7,10,5,3,7,4,6,8,5,1,4,9,10,11,3,1,6,4,7,1,11,10,5,11,6,3,1~7,9,1,10,11,5,9,3,4,6,7,5,9,10,11,4,8,1,9,6,5,3,4,6,9,1,6,7,5,4~11,6,3,10,4,6,1,7,4,1,9,11,10,5,1,9,11,5,7,8,4,9,1,4,5,10,7,5,3,7~6,4,9,5,8,11,5,10,7,9,3,1,11,7,8,9,11,3,7,6,11,3,9,4,3,5,11,7,1,5
reelStripBonus2=10,5,7,10,8,9,1,7,8,11,10,9,6,4,10,11,1,4,3,9,4,1,6,8,10,11,7,1,3,8~6,9,5,1,10,8,3,7,6,4,8,9,3,4,8,3,11,9,8,6,11,3,1,7,3,5,7,10,3,7~3,9,6,10,11,6,1,3,10,4,7,6,8,10,7,3,8,11,5,6,10,3,4,5,9,1,10,7,5,1~5,6,7,10,4,3,6,7,11,10,9,11,3,5,8,4,11,1,3,8,5,9,1,7,11,10,9,11,3,1~9,4,1,7,8,9,6,10,1,5,3,8,5,7,6,1,11,5,3,6,11,3,9,6,10,5,3,4,1,11
reelStripBonus3=1,5,7,1,8,6,1,9,3,1,9,11,1,4,10,1,11,8,1,10,7,1,8,10,1,7~1,5,7,1,8,6,1,9,3,1,9,11,1,4,10,1,11,8,1,10,7,1,8,10,1,7~1,5,7,1,8,6,1,9,3,1,9,11,1,4,10,1,11,8,1,10,7,1,8,10,1,7~3,7,9,11,10,4,8,10,7,11,5,8,9,6,7,11,8,10,9,7,11,8,9,10~3,7,9,11,10,4,8,10,7,11,5,8,9,6,7,11,8,10,9,7,11,8,9,10
reelStripBonus4=1,5,7,1,8,6,1,9,3,1,9,11,1,4,10,1,11,8,1,10,7,1,8,10,1,7~1,5,7,1,8,6,1,9,3,1,9,11,1,4,10,1,11,8,1,10,7,1,8,10,1,7~3,7,9,11,10,4,8,10,7,11,5,8,9,6,7,11,8,10,9,7,11,8,9,10~1,5,7,1,8,6,1,9,3,1,9,11,1,4,10,1,11,8,1,10,7,1,8,10,1,7~3,7,9,11,10,4,8,10,7,11,5,8,9,6,7,11,8,10,9,7,11,8,9,10
reelStripBonus5=1,5,7,1,8,6,1,9,3,1,9,11,1,4,10,1,11,8,1,10,7,1,8,10,1,7~1,5,7,1,8,6,1,9,3,1,9,11,1,4,10,1,11,8,1,10,7,1,8,10,1,7~3,7,9,11,10,4,8,10,7,11,5,8,9,6,7,11,8,10,9,7,11,8,9,10~3,7,9,11,10,4,8,10,7,11,5,8,9,6,7,11,8,10,9,7,11,8,9,10~1,5,7,1,8,6,1,9,3,1,9,11,1,4,10,1,11,8,1,10,7,1,8,10,1,7
reelStripBonus6=