reelStrip1=7, 5, 2, 10, 8, 4, 5, 6, 4, 10, 5, 3, 9, 8, 1, 7, 9, 4, 6, 8, 9, 2, 3, 7, 9, 3, 8, 7, 11, 10, 6, 5, 3, 6, 10, 4
reelStrip2=5, 7, 0, 6, 8, 10, 0, 5, 6, 3, 9, 4, 6, 2, 10, 7, 3, 4, 10, 8, 11, 10, 5, 9, 2, 10, 7, 8, 3, 6, 4, 9, 1, 7, 9, 8, 4
reelStrip3=6, 9, 0, 5, 6, 0, 9, 10, 11, 7, 6, 3, 8, 4, 6, 9, 4, 8, 2, 3, 7, 5, 1, 8, 5, 2, 10, 3, 2, 10, 4, 8, 2, 9, 7, 3, 10, 1
reelStrip4=8, 5, 0, 9, 7, 10, 0, 8, 5, 4, 6, 9, 2, 6, 7, 1, 10, 9, 4, 8, 10, 3, 7, 9, 1, 6, 10, 11, 8, 7, 2, 5, 3, 9, 4, 10, 3
reelStrip5=6, 10, 1, 7, 5, 2, 7, 8, 3, 5, 7, 1, 10, 6, 4, 8, 5, 2, 9, 3, 10, 5, 2, 6, 8, 1, 10, 9, 4, 6, 3, 9, 8, 11, 7, 9, 4
reelStrip6=
reelStripBonus1=
reelStripBonus2=
reelStripBonus3=
reelStripBonus4=
reelStripBonus5=
reelStripBonus6=