reelStrip1=2,1,5,3,4,7,9,1,3,2,8,10,4,6,3,8,5,7,6,9,10,3,5,8,6,9,2,1,3,8,4,3,9,5,7,6,11,2,1,3,5,2,1,7,8,9,4,3,6,1,5,2,8,9,3,10,3,5,8,6,9,2,1,3,8,4,3,9,5,7,11,6,2,1,3,5,2,1,7,8,9
reelStrip2=2,1,5,3,4,7,9,1,3,2,8,10,4,6,3,8,5,7,6,9,10,3,5,8,6,9,2,1,3,8,4,3,9,5,7,6,11,2,1,3,5,2,1,7,8,9,4,3,6,1,5,2,8,9,3,10,3,5,8,6,1,5,3,4,7,9,1,3,2,8,10,4,6,3,8,9,2,1,3,8,4,3,9,5,7,11,6,2,1,3,5,2,1,7,8,9
reelStrip3=2,1,5,3,4,7,9,1,3,2,8,10,4,6,3,8,5,7,6,9,10,3,5,8,6,9,2,1,3,8,4,3,9,5,7,6,1,5,3,4,7,9,1,3,2,8,10,4,6,3,8,11,2,1,3,5,2,1,7,8,9,4,3,6,1,5,2,8,9,3,10,3,5,8,6,9,2,1,3,8,4,3,9,5,7,11,6,2,1,3,5,2,1,7,8,9
reelStrip4=2,1,5,3,4,7,9,1,3,2,8,10,4,6,3,8,5,7,6,9,10,3,5,8,6,9,2,1,3,8,4,3,9,5,7,6,11,2,1,3,5,2,1,7,8,9,4,3,6,1,5,2,8,9,3,10,3,5,8,6,9,2,1,3,8,4,3,9,5,7,11,6,2,1,3,5,2,1,7,8,9
reelStrip5=2,1,5,3,4,7,9,1,3,2,8,10,4,6,3,8,5,7,6,9,10,3,5,8,6,9,2,1,3,8,4,3,9,5,7,6,11,2,1,3,5,2,1,7,8,9,4,3,6,1,5,2,3,4,7,9,1,3,2,8,10,4,6,3,8,5,7,6,9,10,3,5,8,6,9,2,1,3,8,4,9,3,10,3,5,8,6,9,2,1,3,8,4,3,9,5,7,11,6,2,1,3,5,2,1,7,8,9
reelStrip6=
reelStripBonus1=2,1,5,3,4,7,9,1,3,2,8,10,4,6,3,8,5,7,6,9,10,3,5,8,6,9,2,1,3,8,4,3,9,5,7,6,2,1,3,5,2,1,7,8,9,4,3,6,1,5,2,8,9,3,10,3,5,8,6,1,5,3,4,7,9,1,3,2,8,10,4,6,3,8,9,2,1,3,8,4,3,9,5,7,6,2,1,3,5,2,1,7,8,9
reelStripBonus2=2,1,5,3,4,7,9,1,3,2,8,10,4,6,3,8,5,7,6,9,10,3,5,8,6,9,2,1,3,8,4,3,9,5,7,6,2,1,3,5,2,1,7,8,9,4,3,6,1,5,2,8,9,3,10,3,5,8,6,1,5,3,4,7,9,1,3,2,8,10,4,6,3,8,9,2,1,3,8,4,3,9,5,7,6,2,1,3,5,2,1,7,8,9
reelStripBonus3=2,1,5,3,4,7,9,1,3,2,8,10,4,6,3,8,5,7,6,9,10,3,5,8,6,9,2,1,3,8,4,3,9,5,7,6,2,1,3,5,2,1,7,8,9,4,3,6,1,5,2,8,9,3,10,3,5,8,6,1,5,3,4,7,9,1,3,2,8,10,4,6,3,8,9,2,1,3,8,4,3,9,5,7,6,2,1,3,5,2,1,7,8,9
reelStripBonus4=2,1,5,3,4,7,9,1,3,2,8,10,4,6,3,8,5,7,6,9,10,3,5,8,6,9,2,1,3,8,4,3,9,5,7,6,2,1,3,5,2,1,7,8,9,4,3,6,1,5,2,8,9,3,10,3,5,8,6,1,5,3,4,7,9,1,3,2,8,10,4,6,3,8,9,2,1,3,8,4,3,9,5,7,6,2,1,3,5,2,1,7,8,9
reelStripBonus5=2,1,5,3,4,7,9,1,3,2,8,10,4,6,3,8,5,7,6,9,10,3,5,8,6,9,2,1,3,8,4,3,9,5,7,6,2,1,3,5,2,1,7,8,9,4,3,6,1,5,2,8,9,3,10,3,5,8,6,1,5,3,4,7,9,1,3,2,8,10,4,6,3,8,9,2,1,3,8,4,3,9,5,7,6,2,1,3,5,2,1,7,8,9
reelStripBonus6=