reelStrip1=6,1,9,12,13,3,9,13,3,9,4,5,11,9,3,5,8,2,4,8,2,3,8,10,3,6,12,2,4,7,8,12,6,11,2,5,10,7,5,6,3,8,2,6,7,12,1,7,3,10,5,7,10,5,2,6,11,4,10,11,4,2,9,4
reelStrip2=4,2,9,4,1,5,13,11,5,9,11,5,6,7,2,5,8,4,3,2,10,3,11,9,7,5,2,4,7,2,9,10,6,9,13,7,8,4,12,6,13,3,8,6,11,3,6,8,10,12,8,4,12,1,3,4,10,6,7,3,5,12,2,10
reelStrip3=5,9,2,12,6,2,4,6,10,11,7,10,11,5,3,2,8,3,10,8,2,10,13,11,7,12,5,3,7,5,9,2,12,5,6,13,8,4,1,6,4,5,3,4,8,6,10,3,1,9,7,11,3,8,4,6,12,4,2,9,7,4,9,2
reelStrip4=1,10,2,7,8,10,4,8,5,4,7,13,2,4,4,12,7,6,4,3,2,8,3,9,5,3,2,12,4,2,6,4,4,6,11,3,8,9,11,5,7,4,13,5,10,9,4,10,6,12,10,6,5,12,2,9,11,6,1,11,7,9,5,8
reelStrip5=7,4,6,10,12,3,11,9,4,8,7,12,10,2,9,6,3,8,12,5,6,8,5,6,12,11,5,10,4,2,3,4,2,7,11,10,1,2,7,4,11,4,8,9,13,8,3,7,13,9,6,11,4,6,5,3,9,5,12,2,5,4,10,6
reelStrip6=
reelStripBonus1=8,5,10,7,11,4,7,2,12,4,3,8,6,5,3,1,10,8,9,7,2,6,3,1,5,2,9,4,2,10,6,4,3,12,9,4,6,7,9,6,7,4,11,1,4,6,10,13,8,5,12,9,2,12,5,8,2,11,13,3,11,5,3,10
reelStripBonus2=5,10,7,1,12,8,9,11,6,4,12,10,13,3,5,1,11,7,1,10,6,9,7,6,8,7,6,2,8,12,2,10,4,13,3,5,13,4,7,13,2,3,4,2,11,5,9,4,6,11,8,9,5,2,9,10,6,5,13,8,3,12,13,3
reelStripBonus3=2,4,8,11,4,5,10,9,7,4,2,7,10,4,13,5,2,8,12,9,2,3,5,12,3,8,7,3,13,9,4,3,6,9,12,13,3,6,9,2,6,7,8,11,10,2,5,3,4,11,10,2,6,1,3,6,4,10,6,1,5,7,8,5
reelStripBonus4=5,7,13,12,2,13,10,8,7,2,11,3,4,11,3,12,8,5,6,8,4,6,12,2,6,10,12,4,11,3,7,11,4,9,2,4,10,6,8,4,7,2,9,5,11,9,8,6,1,4,5,1,12,4,3,3,10,5,9,4,10,9,7,3
reelStripBonus5=6,5,4,2,5,9,3,10,8,7,10,2,3,11,4,12,5,7,9,3,6,11,4,3,11,13,4,9,2,4,12,7,10,13,6,10,9,3,10,6,2,8,1,5,2,6,3,8,3,4,7,9,8,2,3,4,12,5,6,12,5,7,8,11
reelStripBonus6=