reelStrip1=0,0,0,1,1,1,2,2,2,3,3,3,4,4,4,5,5,5,6,6,6,7,7,7,8,8,8,9,9,9,0,0,0
reelStrip2=4,4,4,6,6,6,2,2,2,8,8,8,3,3,3,0,0,0,1,1,1,10,10,10,9,9,9,7,7,7,5,5,5
reelStrip3=2,2,2,1,1,1,0,0,0,8,8,8,4,4,4,5,5,5,9,9,9,7,7,7,3,3,3,6,6,6,10,10,10
reelStrip4=9,9,9,7,7,7,2,2,2,8,8,8,10,10,10,5,5,5,6,6,6,1,1,1,3,3,3,0,0,0,4,4,4
reelStrip5=6,6,6,9,9,9,2,2,2,8,8,8,4,4,4,5,5,5,0,0,0,7,7,7,3,3,3,1,1,1,4,4,4
reelStrip6=
reelStripBonus1=0,0,0,1,1,1,2,2,2,3,3,3,4,4,4,5,5,5,6,6,6,7,7,7,8,8,8,9,9,9,0,0,0
reelStripBonus2=4,4,4,6,6,6,2,2,2,8,8,8,3,3,3,0,0,0,1,1,1,8,8,8,9,9,9,7,7,7,5,5,5
reelStripBonus3=2,2,2,1,1,1,0,0,0,8,8,8,4,4,4,5,5,5,9,9,9,7,7,7,3,3,3,6,6,6,1,1,1
reelStripBonus4=9,9,9,7,7,7,2,2,2,8,8,8,0,0,0,5,5,5,6,6,6,1,1,1,3,3,3,0,0,0,4,4,4
reelStripBonus5=6,6,6,9,9,9,2,2,2,8,8,8,4,4,4,5,5,5,0,0,0,7,7,7,3,3,3,1,1,1,4,4,4
reelStripBonus6=