reelStrip1=2,6,5,8,9,4,2,3,5,4,6,8,3,2,9,8,10,1,2,3,8,9,7,3,5,6,4,8,9,4,2,3,5,4,6,8,3,2,9,8,10,1,7,5,9,7,2,8,9,2,4,7,3,9,10
reelStrip2=2,6,5,8,9,4,2,3,5,4,6,8,3,2,9,8,10,1,2,3,8,9,7,3,5,6,4,10,1,7,5,9,7,2,8,9,2,4,9,4,2,3,5,4,6,8,3,2,9,8,7,3,9,10
reelStrip3=2,6,5,8,9,4,2,3,5,9,4,2,3,5,4,6,8,3,2,9,8,4,6,8,3,2,9,8,10,1,2,3,8,9,7,3,5,6,4,10,1,7,5,9,7,2,8,9,2,4,7,3,9,10
reelStrip4=2,6,5,8,9,4,2,3,9,4,2,3,5,4,6,8,3,2,9,8,5,4,6,8,3,2,9,8,10,1,2,3,8,9,7,3,5,6,4,10,1,7,5,9,7,2,8,9,2,4,7,3,9,10
reelStrip5=2,6,5,8,9,4,2,3,5,4,6,8,3,2,9,8,10,1,2,3,8,9,7,3,5,6,4,10,1,7,5,9,7,2,8,9,2,4,7,9,4,2,3,5,4,6,8,3,2,9,8,3,9,10
reelStrip6=
reelStripBonus1=2,4,6,2,5,4,2,7,6,3,7,2,5,4,2,7,6,3,2,6,5,8,9,4,2,3,5,4,6,8,3,2,9,8,10,2,3,8,9,7,3,5,6,4,10,7,5,9,7,2,8,9,2,4,7,9,4,2,3,5,4,6,8,3,2,9,8,3,9,10,7,5,3,5,3,6,2,5,4,2,4,3,2,5,4,9,2,7,6,3,7,2,5,4,2,7,6,3,7,5,8,3,5,3,6,2,5,4,2,7,6,3,9,7,2,4,6,4,2,6,4,2,5,4,2,7,6,3,7,2,3,7,6,3,7,2,4,2,6,4,2,6,4,3,2,5,3,4,2,7,6,3,7,2,3
reelStripBonus2=2,4,6,2,5,4,2,7,6,3,7,2,5,4,2,7,6,3,2,6,5,8,9,4,2,3,5,4,6,8,3,2,9,8,10,2,3,8,9,7,3,5,6,4,10,7,5,9,7,2,8,9,2,4,7,9,4,2,3,5,4,6,8,3,2,9,8,3,9,10,7,5,3,5,3,6,2,5,4,2,4,3,2,5,4,9,2,7,6,3,7,2,5,4,2,7,6,3,7,5,8,3,5,3,6,2,5,4,2,7,6,3,9,7,2,4,6,4,2,6,4,2,5,4,2,7,6,3,7,2,3,7,6,3,7,2,4,2,6,4,2,6,4,3,2,5,3,4,2,7,6,3,7,2,3
reelStripBonus3=2,4,6,2,5,4,2,7,6,3,7,2,5,4,2,7,6,3,2,6,5,11,8,9,4,2,3,5,4,6,8,3,2,9,8,10,2,3,8,9,7,3,5,6,4,10,7,5,9,7,2,8,9,2,4,7,9,4,2,3,5,4,6,8,3,2,9,8,3,9,10,7,5,3,5,3,6,2,5,4,2,4,3,11,2,5,4,9,2,7,6,3,7,2,5,4,2,7,6,3,7,5,8,3,5,3,6,2,5,4,2,7,6,3,9,7,2,4,6,4,2,6,4,2,5,4,2,7,11,6,3,7,2,3,7,6,3,7,2,4,2,6,4,2,6,4,3,2,5,3,4,2,7,6,3,7,2,3
reelStripBonus4=2,4,6,2,5,4,2,7,6,3,7,2,5,4,2,7,6,3,2,6,5,8,9,4,2,3,5,4,6,8,3,2,9,8,10,2,3,8,9,7,3,5,6,4,10,7,5,9,7,2,8,9,2,4,7,9,4,2,3,5,4,6,8,3,2,9,8,3,9,10,7,5,3,5,3,6,2,5,4,2,4,3,2,5,4,9,2,7,6,3,7,2,5,4,2,7,6,3,7,5,8,3,5,3,6,2,5,4,2,7,6,3,9,7,2,4,6,4,2,6,4,2,5,4,2,7,6,3,7,2,3,7,6,3,7,2,4,2,6,4,2,6,4,3,2,5,3,4,2,7,6,3,7,2,3
reelStripBonus5=2,4,6,2,5,4,2,7,6,3,7,2,5,4,2,7,6,3,2,6,5,8,9,4,2,3,5,4,6,8,3,2,9,8,10,2,3,8,9,7,3,5,6,4,10,7,5,9,7,2,8,9,2,4,7,9,4,2,3,5,4,6,8,3,2,9,8,3,9,10,7,5,3,5,3,6,2,5,4,2,4,3,2,5,4,9,2,7,6,3,7,2,5,4,2,7,6,3,7,5,8,3,5,3,6,2,5,4,2,7,6,3,9,7,2,4,6,4,2,6,4,2,5,4,2,7,6,3,7,2,3,7,6,3,7,2,4,2,6,4,2,6,4,3,2,5,3,4,2,7,6,3,7,2,3
reelStripBonus6=