reelStrip1=7,3,6,9,5,11,4,1,2,11,10,7,13,5,10,7,9,8,5,12,9,7,6,10,6,8,7,12,10,11,1,3,13,4,11,1,12,11,5,12,10,4,5,9,12,6,7,9,12,8,3,10,3,5,8,6,2,11,4,8,2,6,1,2
reelStrip2=9,10,6,8,1,0,3,4,11,6,12,7,13,12,8,10,2,12,5,1,6,3,4,0,5,12,9,2,1,10,6,5,13,10,3,5,8,6,3,8,1,2,11,0,9,8,7,11,8,7,9,2,12,4,11,7,9,10,7,9,10,11,4,5
reelStrip3=7,12,3,8,5,0,5,8,5,4,7,8,13,6,9,8,7,9,13,4,5,1,7,0,9,12,7,2,10,4,10,3,13,4,12,11,6,7,11,10,2,4,11,0,2,3,6,9,4,1,3,2,8,5,1,6,9,1,12,3,10,6,8,11,1,12,7,2,10,11,3,1,2
reelStrip4=5,9,1,7,9,0,8,12,1,6,5,8,13,1,3,7,5,1,2,7,5,6,11,0,3,6,4,7,8,4,3,2,13,3,4,6,2,1,6,10,5,12,7,0,4,12,2,11,8,6,7,1,9,4,11,9,2,10,3,5,4,2,10,3
reelStrip5=9,3,6,8,5,0,12,3,5,4,3,2,13,5,3,2,1,10,8,6,5,3,2,0,8,4,1,5,12,1,6,4,13,2,4,5,1,7,12,9,3,4,1,7,2,1,6,11,4,8,7,2,9,6,10,7,2,4,1,11,10,7,6,11
reelStrip6=
reelStripBonus1=7,3,6,9,5,11,4,1,2,11,10,7,13,5,10,7,9,8,5,12,9,7,6,10,6,8,7,12,10,11,1,3,13,4,11,1,12,11,5,12,10,4,5,9,12,6,7,9,12,8,3,10,3,5,8,6,2,11,4,8,2,6,1,2
reelStripBonus2=9,10,6,8,1,0,3,4,11,6,12,7,13,12,8,10,2,12,5,1,6,3,4,0,5,12,9,2,1,10,6,5,13,10,3,5,8,6,3,8,1,2,11,0,9,8,7,11,8,7,9,2,12,4,11,7,9,10,7,9,10,11,4,5
reelStripBonus3=7,12,3,8,5,0,5,8,5,4,7,8,13,6,9,8,7,9,13,4,5,1,7,0,9,12,7,2,10,4,10,3,13,4,12,11,6,7,11,10,2,4,11,0,2,3,6,9,4,1,3,2,8,5,1,6,9,1,12,3,10,6,8,11,1,12,7,2,10,11,3,1,2
reelStripBonus4=5,9,1,7,9,0,8,12,1,6,5,8,13,1,3,7,5,1,2,7,5,6,11,0,3,6,4,7,8,4,3,2,13,3,4,6,2,1,6,10,5,12,7,0,4,12,2,11,8,6,7,1,9,4,11,9,2,10,3,5,4,2,10,3
reelStripBonus5=9,3,6,8,5,0,12,3,5,4,3,2,13,5,3,2,1,10,8,6,5,3,2,0,8,4,1,5,12,1,6,4,13,2,4,5,1,7,12,9,3,4,1,7,2,1,6,11,4,8,7,2,9,6,10,7,2,4,1,11,10,7,6,11
reelStripBonus6=