reelStrip1=2,7,10,2,8,3,9,8,3,7,6,11,1,6,9,5,10,2,7,13,5,3,11,5,9,3,7,1,2,5,13,3,6,9,2,8,6,9,5,12,3,6,11,5,7,3,8,4,5,11,2,10,5,8,3,1,5,4,13,5,6,8,9,3,10
reelStrip2=2,7,10,2,9,12,5,1,8,4,2,11,4,5,13,6,3,8,2,4,10,2,6,1,4,2,13,6,3,10,12,4,7,8,2,9,3,4,13,2,6,4,13,6,3,10,2,8,4,1,2,7,8,6,7,4,12,9,2,10,6,11,4,9,6
reelStrip3=2,12,9,2,7,1,2,8,4,1,2,5,9,2,4,10,2,6,11,2,7,1,9,3,6,4,13,7,4,10,3,2,13,4,6,9,2,4,13,2,6,8,5,2,7,4,10,6,8,4,9,2,7,3,8,4,6,13,4,6,9,2,7,4,6
reelStrip4=12,7,4,1,3,8,6,4,13,8,4,12,9,4,4,11,5,4,8,1,10,4,12,7,4,5,13,7,3,4,6,8,3,6,5,4,11,4,3,6,12,2,6,3,4,9,3,4,1,6,9,4,3,12,4,3,13,4,3,10,6,9,1,4,8
reelStrip5=2,10,7,2,5,9,2,8,5,10,2,5,8,3,5,10,2,5,1,10,7,5,9,2,5,10,7,5,8,3,11,2,5,8,3,12,6,5,4,6,10,3,8,5,6,3,2,11,5,2,1,3,9,5,7,4,13,2,4,10,2,4,9,7,4
reelStrip6=
reelStripBonus1=2,7,10,2,8,12,9,8,3,7,6,11,3,6,9,5,10,2,7,13,5,3,11,5,9,3,7,1,9,5,10,3,6,9,2,8,6,9,5,12,3,6,11,5,7,3,8,4,5,11,2,10,5,8,3,9,5,4,13,5,6,8,4,3,10,2,7,10,2,8,12,9,8,3,7,6,11,3,6,9,5,10,2,7,13,5,3,11,5,9,3,7,1,9,5,10,3,6,9,2,8,6,9,5,12,3,6,11,5,7,3,8,4,5,11,2,10,5,8,3,9,5,4,13,5,6,8,4,3,10
reelStripBonus2=2,7,10,2,9,12,5,1,8,4,2,11,4,9,12,6,3,8,2,4,10,2,6,8,4,2,13,6,8,3,10,12,4,7,2,5,3,4,12,2,6,4,12,6,3,10,2,8,2,7,8,6,7,4,12,9,2,10,6,11,4,9,6,4,13,2,7,10,2,9,12,5,1,8,4,2,11,4,9,12,6,3,8,2,4,10,2,6,8,4,2,13,6,8,3,10,12,4,7,2,5,3,4,12,2,6,4,12,6,3,10,2,8,2,7,8,6,7,4,12,9,2,10,6,11,4,9,6,4,13
reelStripBonus3=2,12,9,2,7,1,2,8,4,10,2,5,9,2,4,10,2,6,11,2,7,1,9,3,6,4,12,7,4,5,3,2,10,4,8,6,2,9,4,13,2,6,5,10,6,2,7,4,10,6,8,4,9,2,7,12,2,4,6,13,4,6,2,9,7,2,12,9,2,7,1,2,8,4,10,2,5,9,2,4,10,2,6,11,2,7,1,9,3,6,4,12,7,4,5,3,2,10,4,8,6,2,9,4,13,2,6,5,10,6,2,7,4,10,6,8,4,9,2,7,12,2,4,6,13,4,6,2,9,7
reelStripBonus4=12,7,4,1,3,6,8,4,13,8,4,12,9,4,10,3,6,13,4,8,12,5,4,12,7,4,5,13,7,2,4,6,12,3,6,5,3,11,4,3,6,12,3,4,4,9,3,4,1,6,9,4,3,12,4,3,12,4,3,10,6,9,12,4,8,12,7,4,1,3,8,6,4,13,8,4,12,9,4,10,3,4,13,3,4,8,12,5,4,3,12,7,4,5,13,7,2,4,6,12,3,6,5,3,11,4,3,6,12,2,6,9,4,4,1,6,9,4,12,4,3,12,4,3,10,6,9,12,4,8
reelStripBonus5=2,10,7,1,5,2,8,5,10,2,5,8,3,5,10,2,5,3,11,7,5,9,2,5,10,7,5,8,3,11,2,5,8,3,12,6,5,10,2,6,13,5,6,8,3,2,11,5,3,1,4,9,1,5,7,4,13,3,5,9,4,10,2,4,12,7,4,2,10,7,1,5,2,8,5,10,2,5,4,8,5,10,2,5,3,11,7,5,9,2,5,10,7,5,8,3,11,8,3,12,6,5,10,2,6,13,5,6,8,3,2,11,5,2,1,3,9,1,7,4,13,5,3,9,4,10,2,4,12,7
reelStripBonus6=