reelStrip1=6,7,7,7,7,14,8,8,8,8,12,9,13,13,13,13,6,10,7,11,9,12,7,13,14,1,8,15,12,12,12,7,7,7,10,14,14,14,9,14,13,16,16,16,12,9,15,8,14,13,6,13,10,7,11,9,12,7,13,14,8,15,12,12,12,7,7,7,13,6,13,13,5,13
reelStrip2=6,7,7,7,7,14,8,8,8,8,12,9,16,16,16,3,13,13,13,13,10,0,7,11,9,12,7,13,14,8,15,12,12,12,7,7,7,10,14,14,6,6,6,14,14,13,12,9,15,0,8,4,14,3,13,13,13,13
reelStrip3=6,7,7,7,7,14,8,13,6,13,10,7,11,9,12,7,13,14,8,15,12,12,12,7,7,7,8,8,8,12,4,9,13,13,13,9,9,13,10,7,11,9,12,7,0,13,14,8,3,15,12,12,12,7,7,7,10,14,14,14,14,13,16,16,16,12,9,15,8,14,13,13,3,13,13
reelStrip4=6,7,7,7,7,14,8,8,8,3,8,12,9,13,13,13,16,16,16,6,13,10,7,11,9,12,7,13,14,8,15,12,12,12,7,7,7,10,14,14,14,14,13,12,9,15,8,14,13,0,6,13,13,6,13,10,7,11,9,12,7,13,14,8,15,12,12,12,7,7,7,5,13,13
reelStrip5=6,7,7,7,7,14,8,8,8,8,12,9,13,13,13,13,10,7,11,9,12,7,13,14,8,15,12,12,12,9,9,9,7,7,7,10,14,14,14,9,2,14,13,12,13,6,13,16,16,16,10,7,11,9,12,7,13,14,8,15,12,12,12,7,7,7,9,15,8,14,13,13,13,13
reelStrip6=
reelStripBonus1=16,16,16,16,16,16,16,16,16,16,16,16,16,16,16,16,16,16,16,16,16,16,16,16,16,16,16,16,16,16,16,16,16,16,16
reelStripBonus2=6,7,7,7,7,14,8,8,8,8,12,9,3,13,13,13,13,10,8,7,11,9,12,7,13,14,8,15,12,12,12,7,7,7,10,14,14,6,6,6,14,14,13,12,9,15,13,8,4,14,3,13,13,13,13
reelStripBonus3=6,7,7,7,7,14,8,8,8,8,12,4,9,13,13,13,9,9,13,10,7,11,9,12,7,9,13,14,8,3,15,12,12,12,7,7,7,10,14,14,14,14,13,12,9,15,8,14,13,13,3,13,13
reelStripBonus4=6,7,7,7,7,14,8,8,8,3,8,12,9,13,13,13,6,13,10,7,11,9,12,7,13,14,8,15,12,12,12,7,7,7,10,14,14,14,14,13,12,9,15,8,14,13,15,6,13,5,13,13
reelStripBonus5=6,7,7,7,7,14,8,8,8,8,12,9,13,13,13,13,10,7,11,9,12,7,13,14,8,15,12,12,12,9,9,9,7,7,7,10,14,14,14,9,14,13,12,9,15,8,14,13,13,13,13
reelStripBonus6=