reelStrip1=8,1,4,0,5,2,6,1,9,7,3,8,1,4,2,3,5,6,0,2
reelStrip2=2,8,0,6,1,5,9,2,4,3,5,1,2,3,5,7,0,8,3,6
reelStrip3=4,0,2,1,9,3,7,4,8,1,10,3,2,0,1,3,6,1,6,2
reelStrip4=3,6,1,5,3,9,1,7,0,5,2,1,7,1,4,1,2,3,4,10
reelStrip5=6,1,7,3,5,0,1,4,8,1,5,10,2,4,9,7,5,0,3,4
reelStrip6=
reelStripBonus1=8,1,4,0,5,2,6,1,9,7,3,8,1,4,2,3,5,6,0,2
reelStripBonus2=2,8,0,6,1,5,9,2,4,3,5,1,2,3,5,7,0,8,3,6
reelStripBonus3=4,0,2,1,9,3,7,4,8,1,10,3,2,0,1,3,6,1,6,2
reelStripBonus4=3,6,1,5,3,9,1,7,0,5,2,1,7,1,4,1,2,3,4,10
reelStripBonus5=6,1,7,3,5,0,1,4,8,1,5,10,2,4,9,7,5,0,3,4
reelStripBonus6=