reelStrip1=2,5,7,3,4,5,0,1,4,2,7,4,5,3,2,0,1,2,0,1,2,3,4,2,5,7,3,0,1,4,2,7,4,3,5,0,1,4,2,7,4,5,3,2,0,1,2,7,6,4,3,2,5,6,0,1,2,3,4,5,6,3,4,5,6,7,0,1,4,2,7,4,6,3
reelStrip2=2,5,7,3,4,5,0,1,4,2,7,4,5,3,2,0,1,2,0,1,2,3,4,2,5,7,3,0,1,4,2,7,4,3,5,0,1,4,2,7,4,5,3,2,0,1,2,7,6,4,3,2,5,6,0,1,2,3,4,5,6,3,4,5,6,7,0,1,4,2,7,4,6,3
reelStrip3=2,5,7,3,4,5,0,1,4,2,7,4,5,3,2,0,1,2,0,1,2,3,4,2,5,7,3,0,1,4,2,7,4,3,5,0,1,4,2,7,4,5,3,2,0,1,2,7,6,4,3,2,5,6,0,1,2,3,4,5,6,3,4,5,6,7,0,1,4,2,7,4,6,3
reelStrip4=2,5,7,3,4,5,0,1,4,2,7,4,5,3,2,0,1,2,0,1,2,3,4,2,5,7,3,0,1,4,2,7,4,3,5,0,1,4,2,7,4,5,3,2,0,1,2,7,6,4,3,2,5,6,0,1,2,3,4,5,6,3,4,5,6,7,0,1,4,2,7,4,6,3
reelStrip5=2,5,7,3,4,5,0,1,4,2,7,4,5,3,2,0,1,2,0,1,2,3,4,2,5,7,3,0,1,4,2,7,4,3,5,0,1,4,2,7,4,5,3,2,0,1,2,7,6,4,3,2,5,6,0,1,2,3,4,5,6,3,4,5,6,7,0,1,4,2,7,4,6,3
reelStrip6=
reelStripBonus1=
reelStripBonus2=
reelStripBonus3=
reelStripBonus4=
reelStripBonus5=
reelStripBonus6=
