reelStrip1=4, 6, 4, 4, 5, 5, 5, 4, 4, 0, 0, 3, 0, 3, 3, 4, 3, 2, 7, 7, 7, 6, 2, 2, 2, 1, 1, 4, 4, 4, 6, 1, 1, 3, 3, 5, 3, 1, 1, 4, 3, 6, 4, 4, 3, 3, 4, 3, 4, 4, 1, 1, 1
reelStrip2=4, 4, 0, 0, 0, 5, 5, 5, 6, 2, 2, 2, 3, 3, 1, 3, 1, 1, 5, 5, 4, 4, 4, 0, 0, 2, 2, 5, 5, 5, 5, 7, 7, 7, 1, 0, 0, 4, 4, 4, 5, 5, 6, 5, 5, 5, 0, 0, 5, 5, 5, 6, 5, 5, 5, 5, 5
reelStrip3=4, 4, 4, 5, 5, 5, 6, 3, 3, 3, 7, 7, 7, 3, 0, 0, 0, 2, 2, 2, 4, 4, 4, 1, 1, 5, 1, 2, 2, 2, 3, 3, 5, 5, 5, 3, 3, 1, 3, 3, 3, 5, 5, 5, 2, 2, 2
reelStrip4=4, 5, 4, 4, 5, 5, 5, 2, 2, 0, 0, 3, 3, 3, 3, 7, 7, 7, 2, 3, 2, 2, 6, 1, 1, 4, 4, 5, 5, 0, 0, 5, 5, 5, 3, 3, 3, 1, 1, 0, 0, 1, 5, 5, 5, 6
reelStrip5=4, 6, 4, 4, 0, 0, 3, 5, 5, 3, 3, 3, 3, 2, 2, 2, 4, 5, 5, 1, 1, 7, 7, 7, 2, 2, 5, 5, 5, 0, 4, 4, 4, 1, 1, 0, 0, 3, 3, 3, 3, 3, 4, 4, 4, 5, 5, 5, 6, 1, 1, 1, 1, 1, 1
reelStrip6=
reelStripBonus1=
reelStripBonus2=
reelStripBonus3=
reelStripBonus4=
reelStripBonus5=
reelStripBonus6=