reelStrip1=0,0,0,6,6,6,6,6,9,9,9,1,1,1,10,10,10,10,6,6,6,14,4,4,4,7,7,7,3,3,3,9,9,9,10,10,10,8,8,8,8,5,5,5,7,7,7,7,8,8,8,2,2,2,9,9,9
reelStrip2=4,4,4,7,7,7,6,6,6,10,10,10,1,1,1,7,7,7,8,8,8,6,6,6,6,2,2,2,8,8,8,9,9,9,9,10,10,10,14,9,9,9,3,3,3,8,8,8,11,11,11,0,0,0,5,5,5,5,5,7,7,7,10,10,10
reelStrip3=2,2,2,6,6,6,6,6,7,7,7,9,9,9,9,6,6,6,7,7,7,3,3,3,8,8,8,10,10,10,4,4,4,8,8,8,9,9,9,9,10,10,10,1,1,1,14,0,0,0,5,5,5,5,11,11,11,8,8,8,10,10,10,7,7,7
reelStrip4=1,1,1,7,7,7,7,9,9,9,9,10,10,10,5,5,5,5,5,6,6,6,4,4,4,8,8,8,8,10,10,10,10,0,0,0,3,3,3,6,6,6,6,6,11,11,11,2,2,2,7,7,7,9,9,9,9,14,8,8,8
reelStrip5=3,3,3,8,8,8,9,9,9,5,5,5,10,10,10,0,0,0,8,8,8,14,6,6,6,7,7,7,14,9,9,9,5,5,5,5,7,7,7,10,10,10,6,6,6,6,6,1,1,1,8,8,8,9,9,9,14,2,2,2,7,7,7,10,10,10,14,4,4,4
reelStrip6=
reelStripBonus1=4,4,4,8,8,8,8,1,1,1,0,0,0,9,9,9,3,3,3,8,8,8,0,0,0,10,10,10,2,2,2,7,7,7,6,6,6,5,5,5,5,6,6,6,10,10,10,6,6,6,7,7,7,0,0,0,9,9,9,7,7,7,10,10,10,8,8,8,14,9,9,9
reelStripBonus2=4,4,4,10,10,10,10,0,0,0,8,8,8,7,7,7,5,5,5,5,9,9,9,6,6,6,0,0,0,0,0,0,7,7,7,1,1,1,6,6,6,9,9,9,12,13,12,12,7,7,7,7,8,8,8,12,12,12,12,10,10,10,14,2,2,2,12,13,12,6,6,6,14,9,9,9,3,3,3,8,8,8,12,12,12,10,10,10,12,12,12
reelStripBonus3=4,4,4,9,9,9,10,10,10,0,0,0,7,7,7,8,8,8,9,9,9,9,1,1,1,6,6,6,8,8,8,10,10,10,7,7,7,3,3,3,3,6,6,6,8,8,8,2,2,2,6,6,6,5,5,5,5,5,7,7,7,9,9,9,14,12,13,12,10,10,10,14
reelStripBonus4=4,4,4,6,6,6,6,7,7,7,7,0,0,0,6,6,6,12,12,13,8,8,8,9,9,9,9,1,1,1,7,7,7,7,5,5,5,14,8,8,8,10,10,10,9,9,9,8,8,8,2,2,2,2,10,10,10,10,3,3,3,6,6,6
reelStripBonus5=4,4,4,4,6,6,6,1,1,1,9,9,9,5,5,5,5,6,6,6,8,8,8,0,0,0,7,7,7,10,10,10,2,2,2,7,7,7,9,9,9,3,3,3,10,10,10,8,8,8,6,6,6,14,10,10,10,7,7,7,8,8,8,9,9,9
reelStripBonus6=