reelStrip1=3,11,5,8,4,9,12,8,5,10,7,9,4,5,6,3,11,4,10,2,5,3,4,9,11,1,10,7,6,5,11,3,6,8,9,10,11,4,5,6,9,7,3,8,10,4,11,9,5,7,4,8,3,1,4,9,11,10,7,6,5,11,3,6,8,9,10,13,11,4,5,6,9,7,3,8,10,4,11,9,5,7,4,8,3
reelStrip2=3,11,5,8,4,9,8,5,10,7,9,2,5,3,4,9,11,1,10,7,6,5,11,3,6,8,9,10,11,4,5,6,9,7,3,8,10,4,11,9,5,7,4,8,3,1,4,9,11,10,7,6,5,11,3,6,8,9,10,11,4,5,6,9,12,7,3,8,10,4,11,9,5,7,4,8,3
reelStrip3=3,11,5,8,4,9,8,5,10,7,9,2,4,5,6,3,11,4,10,5,3,4,9,11,1,10,7,6,5,11,3,6,8,9,10,11,4,5,6,9,7,3,8,10,4,11,9,5,7,4,8,3,1,4,9,11,10,7,6,5,11,3,6,8,9,10,11,4,5,6,13,3,11,4,10,9,7,3,8,10,4,11,9,5,7,4,8,3
reelStrip4=3,11,5,8,4,13,9,8,5,10,7,9,2,5,4,5,6,3,11,4,10,3,4,9,11,1,10,7,6,5,11,3,6,8,9,10,12,11,4,5,6,9,7,3,8,10,4,11,9,5,7,4,8,3,1,4,9,11,10,7,6,5,11,3,6,8,9,10,11,4,5,6,9,7,3,8,10,4,11,9,5,7,4,8,3
reelStrip5=3,11,5,8,4,9,8,5,10,7,9,2,5,3,4,9,11,1,10,7,6,5,11,3,6,8,9,10,11,4,5,6,9,7,3,8,10,4,11,9,5,7,4,8,3,1,4,9,11,10,7,6,5,11,3,6,8,9,10,11,4,5,6,9,4,5,6,3,11,4,10,7,3,8,10,4,11,9,5,7,4,8,3
reelStrip6=
reelStripBonus1=3,11,5,8,4,9,8,5,10,7,9,2,5,3,4,9,11,1,10,7,6,5,11,3,6,8,9,10,11,4,5,6,9,7,3,8,10,4,11,9,5,7,4,8,3,1,4,9,11,10,7,6,5,11,3,6,8,9,10,11,4,5,13,6,9,7,3,8,10,4,11,9,5,7,4,8,3
reelStripBonus2=3,11,5,8,4,9,8,5,10,7,9,2,5,3,4,9,11,1,10,7,6,5,11,3,6,8,9,10,11,4,5,6,9,7,3,8,10,4,11,9,5,7,4,8,3,1,4,9,11,10,7,6,5,11,3,6,8,9,10,11,4,5,6,9,7,3,8,10,12,4,11,9,5,7,4,8,3
reelStripBonus3=3,11,5,8,4,9,8,5,10,12,7,9,2,5,3,4,9,11,1,10,7,6,5,11,3,6,8,9,10,11,4,5,6,9,7,3,8,10,4,11,9,5,7,4,8,3,1,4,9,11,10,7,6,5,11,3,6,8,9,10,11,4,5,6,9,7,3,8,10,4,11,9,5,7,4,8,3
reelStripBonus4=3,11,5,8,4,9,8,5,10,7,9,2,5,3,4,9,11,1,13,10,7,6,5,11,3,6,8,9,10,11,4,5,6,9,7,3,8,10,4,11,9,5,7,4,8,3,1,4,9,11,10,7,6,5,11,3,6,8,9,10,11,4,5,6,9,7,3,8,10,4,11,9,5,7,4,8,3
reelStripBonus5=3,11,5,8,4,9,8,5,10,7,9,2,5,3,4,9,11,1,10,7,6,5,11,3,6,8,9,10,11,4,5,6,9,7,3,8,10,4,11,9,5,7,4,8,3,1,4,9,11,10,7,6,5,11,3,6,8,9,10,11,4,5,6,9,7,3,8,10,4,11,9,5,7,4,8,3
reelStripBonus6=