reelStrip1=1,1,1,1,6,6,6,3,3,3,5,5,5,0,0,0,0,5,5,5,5,1,1,1,4,4,4,2,2,2,2,4,4,4,4,0,0,4,4,4,7,1,1,1,6,6,6,6,5,5,5,3,3,3,3,0,0,0,3,3,3,6,6,6,7,2,2,2,5,5,5,4,4,4,2,2,2
reelStrip2=3,3,3,3,5,5,5,3,3,3,4,4,4,0,0,0,0,4,4,4,4,6,6,6,2,2,2,0,0,2,2,2,2,6,6,6,6,7,1,1,1,5,5,5,5,1,1,1,1,5,5,5,0,0,0,5,5,5,3,3,3,7,4,4,4,1,1,1,6,6,6,2,2,2,4,4,4
reelStrip3=0,0,0,0,4,4,4,3,3,3,5,5,5,3,3,3,3,4,4,4,4,2,2,2,0,0,6,6,6,1,1,1,1,6,6,6,6,7,1,1,1,2,2,2,2,5,5,5,5,0,0,0,5,5,5,7,4,4,4,3,3,3,6,6,6,1,1,1,5,5,5,2,2,2,4,4,4
reelStrip4=4,4,4,0,0,0,0,5,5,5,1,1,1,1,4,4,4,3,3,3,3,6,6,6,6,2,2,2,0,0,6,6,6,3,3,3,4,4,4,4,1,1,1,5,5,5,5,2,2,2,2,0,0,0,5,5,5,7,4,4,4,3,3,3,6,6,6,1,1,1,5,5,5,2,2,2
reelStrip5=3,3,3,3,4,4,4,3,3,3,5,5,5,0,0,0,0,4,4,4,4,2,2,2,0,0,6,6,6,1,1,1,1,7,6,6,6,6,1,1,1,7,5,5,5,5,2,2,2,2,5,5,5,0,0,0,4,4,4,3,3,3,6,6,6,1,1,1,5,5,5,2,2,2,4,4,4
reelStrip6=
reelStripBonus1=
reelStripBonus2=
reelStripBonus3=
reelStripBonus4=
reelStripBonus5=
reelStripBonus6=