reelStrip1=2,2,5,3,7,1,1,1,0,5,4,7,2,2,2,1,6,2,3,3,3,2,5,2,0,4,4,4,2,2,1,7,4,3,5,5,5,3,2,1,2,6,6,6,4,5,7,3,2,2,2,5,7,6,1,2,0,2,5,3,7,1,1,1,0,5,4,7,2,2,2,1,6,0,3,3,3,2,5,0,0,4,4,4,0,2,1,7,4,3,5,5,5,3,2,1,0,6,6,6,4,5,7,3,0,0,0,5,7,6,1,2
reelStrip2=6,2,0,5,1,1,1,5,4,7,2,2,2,1,6,2,3,3,3,0,2,5,2,4,4,4,2,2,1,4,3,5,5,5,3,0,2,1,2,6,6,6,4,5,7,3,2,2,2,5,6,1,2,6,2,0,5,1,1,1,5,4,7,2,2,2,1,6,0,3,3,3,0,2,5,0,4,4,4,0,2,1,4,3,5,5,5,3,0,2,1,0,6,6,6,4,5,7,3,0,0,0,5,6,1,2
reelStrip3=5,4,3,0,1,1,1,5,4,7,2,2,2,1,6,2,3,7,3,3,2,5,2,4,4,4,2,2,1,4,3,5,5,5,0,3,2,1,2,6,6,6,4,5,7,3,2,2,2,5,6,1,2,5,4,3,0,1,1,1,5,4,7,2,2,2,1,6,0,3,7,3,3,2,5,0,4,4,4,0,2,1,4,3,5,5,5,0,3,2,1,0,6,6,6,4,5,7,3,0,0,0,5,6,1,2
reelStrip4=2,6,1,1,1,5,4,7,2,2,2,0,1,6,2,3,3,3,2,5,2,4,4,4,0,2,2,1,4,3,5,5,5,3,2,7,1,2,6,6,6,4,0,5,7,3,2,2,2,5,6,1,2,0,6,1,1,1,5,4,7,2,2,2,0,1,6,0,3,3,3,2,5,0,4,4,4,0,0,2,1,4,3,5,5,5,3,2,7,1,0,6,6,6,4,0,5,7,3,0,0,0,5,6,1,2
reelStrip5=1,1,1,5,4,7,0,2,2,2,1,6,2,3,3,3,7,2,5,2,0,4,4,4,2,2,1,4,3,0,5,5,5,3,2,1,2,6,6,6,4,5,7,3,2,2,2,0,5,6,1,2,1,1,1,5,4,7,0,2,2,2,1,6,0,3,3,3,7,2,5,0,0,4,4,4,0,2,1,4,3,0,5,5,5,3,2,1,0,6,6,6,4,5,7,3,0,0,0,0,5,6,1,2
reelStrip6=
reelStripBonus1=
reelStripBonus2=
reelStripBonus3=
reelStripBonus4=
reelStripBonus5=
reelStripBonus6=