reelStrip1=10,9,8,6,8,9,12,8,6,12,7,8,1,5,7,6,9,7,8,9,2,12,11,7,5,10,11,3,13,6,9,3,12,11,4,1,5,7,2,12,11,4,10,12,13,6,11,10,1,10,3,11,9,10,4,8,2
reelStrip2=3,10,11,3,8,0,12,4,8,0,5,9,0,8,10,1,5,7,11,9,0,6,4,12,5,6,12,7,13,1,11,2,7,6,11,0,5,8,11,12,7,2,4,9,13,10,9,3,6,1,10,2,8,4,12,9,10
reelStrip3=10,12,3,4,1,0,2,3,4,0,5,1,2,12,11,5,6,7,3,8,1,11,12,2,5,6,9,2,13,9,2,3,5,1,2,0,5,9,6,9,7,4,9,10,5,3,8,4,7,4,3,8,11,1,10,4,8
reelStrip4=9,1,8,2,5,0,6,8,5,0,7,5,0,1,4,5,10,11,2,1,0,3,7,9,6,7,2,6,13,4,3,7,1,3,4,0,5,2,11,3,7,8,9,12,13,1,2,4,6,3,2,4,12,6,4,3,10
reelStrip5=11,3,12,5,11,6,3,7,2,12,5,3,11,6,3,5,2,3,5,2,10,3,2,12,5,1,7,12,13,10,2,4,1,9,4,6,5,9,4,10,1,4,6,7,13,1,8,4,6,1,2,4,1,8,6,9,8
reelStrip6=
reelStripBonus1=10,9,8,6,8,9,12,8,6,12,7,8,1,5,7,6,9,7,8,9,2,12,11,7,5,10,11,3,13,6,9,3,12,11,4,1,5,7,2,12,11,4,10,12,13,6,11,10,1,10,3,11,9,10,4,8,2
reelStripBonus2=3,10,11,3,8,0,12,4,8,0,5,9,0,8,10,1,5,7,11,9,0,6,4,12,5,6,12,7,13,1,11,2,7,6,11,0,5,8,11,12,7,2,4,9,13,10,9,3,6,1,10,2,8,4,12,9,10
reelStripBonus3=10,12,3,4,1,0,2,3,4,0,5,1,2,12,11,5,6,7,3,8,1,11,12,2,5,6,9,2,13,9,2,3,5,1,2,0,5,9,6,9,7,4,9,10,5,3,8,4,7,4,3,8,11,1,10,4,8
reelStripBonus4=9,1,8,2,5,0,6,8,5,0,7,5,0,1,4,5,10,11,2,1,0,3,7,9,6,7,2,6,13,4,3,7,1,3,4,0,5,2,11,3,7,8,9,12,13,1,2,4,6,3,2,4,12,6,4,3,10
reelStripBonus5=11,3,12,5,11,6,3,7,2,12,5,3,11,6,3,5,2,3,5,2,10,3,2,12,5,1,7,12,13,10,2,4,1,9,4,6,5,9,4,10,1,4,6,7,13,1,8,4,6,1,2,4,1,8,6,9,8
reelStripBonus6=