reelStrip1=10,4,8,9,7,1,10,2,6,11,10,13,7,4,12,3,7,8,9,11,2,1,8,9,6,11,3,7,4,8,9,11,13
reelStrip2=11,9,3,6,8,2,7,4,8,2,11,6,10,0,4,10,11,12,9,10,8,2,7,3,8,1,9,6,3,4,10,8,4
reelStrip3=6,8,7,11,6,3,10,0,13,9,11,10,8,2,12,4,10,0,11,7,6,3,9,10,7,3,9,8,11,4,9,7,4
reelStrip4=7,4,8,9,12,10,4,6,1,10,2,9,3,8,0,3,10,12,9,8,11,2,6,4,7,0,9,8,0,3,10,4,8
reelStrip5=9,7,8,9,6,1,10,11,2,3,11,13,7,4,12,3,9,4,3,8,6,1,10,2,10,3,11,7,4,2,10,2,13
reelStrip6=
reelStripBonus1=10,4,8,2,7,1,10,2,6,11,10,4,7,4,8,3,7,8,9,11,2,1,8,9,12,11,3,7,4,8,9
reelStripBonus2=11,9,3,6,8,2,7,4,8,0,11,6,0,10,4,12,11,3,9,10,8,2,7,3,8,1,9,6,3,4,10
reelStripBonus3=6,8,7,11,6,3,10,0,12,9,11,10,8,2,6,4,10,0,11,2,7,3,9,10,7,12,9,8,11,4,9
reelStripBonus4=7,11,3,9,10,2,6,4,10,1,9,12,3,8,0,3,10,3,9,8,11,2,6,4,7,1,9,8,4,12,10
reelStripBonus5=9,7,8,9,6,1,10,11,2,3,11,12,7,4,6,3,9,4,3,8,6,1,10,2,10,3,12,7,4,2,10,11
reelStripBonus6=