reelStrip1=8,3,9,0,6,9,2,8,5,10,4,11,4,7,3,11,2,10,12,6,2,9,11,3,6,1,8,4,7,1
reelStrip2=8,5,10,4,6,12,11,8,3,11,1,10,4,7,6,3,8,5,11,2,9,0,7,9,4,11,9,5,6,2
reelStrip3=11,1,9,10,3,5,11,3,9,12,7,10,0,8,2,7,4,5,6,11,9,1,5,7,6,10,8,4,6,3
reelStrip4=11,6,12,6,3,9,2,7,3,6,0,7,4,5,3,6,1,7,10,1,9,5,10,2,8,4,7,11,4,8
reelStrip5=2,11,3,7,0,9,2,6,1,7,5,8,4,6,3,9,12,7,3,10,11,1,7,4,5,8,1,6,10,4,6,5
reelStrip6=
reelStripBonus1=8,3,9,0,6,9,2,8,5,10,4,11,4,7,3,11,2,10,12,6,2,9,11,3,6,1,8,4,7,1
reelStripBonus2=8,5,10,4,6,12,11,8,3,11,1,10,4,7,6,3,8,5,11,2,9,0,7,9,4,11,9,5,6,2
reelStripBonus3=11,1,9,10,3,5,11,3,9,12,7,10,0,8,2,7,4,5,6,11,9,1,5,7,6,10,8,4,6,3
reelStripBonus4=11,6,12,6,3,9,2,7,3,6,0,7,4,5,3,6,1,7,10,1,9,5,10,2,8,4,7,11,4,8
reelStripBonus5=2,11,3,7,0,9,2,6,1,7,5,8,4,6,3,9,12,7,3,10,11,1,7,4,5,8,1,6,10,4,6,5
reelStripBonus6=