reelStrip1=2,4,5,3,2,7,0,6,3,4,9,0,5,6,1,2,6,4,5,8
reelStrip2=7,8,10,1,3,11,4,6,0,5,7,0,9,1,5,10,7,2,5,1
reelStrip3=0,3,9,7,1,0,6,3,10,8,3,11,6,10,4,6,2,7,4,5
reelStrip4=3,6,0,9,7,1,4,8,11,2,6,8,5,7,3,6,10,4,1,2
reelStrip5=2,1,3,11,9,7,0,5,6,2,4,9,7,3,4,6,5,1,8,4
reelStrip6=
reelStripBonus1=2,4,1,3,2,7,0,6,3,4,9,0,5,6,1,2,7,4,5,8
reelStripBonus2=7,8,10,1,3,9,4,6,0,5,7,0,8,1,5,0,7,2,5,11
reelStripBonus3=0,11,7,5,1,10,6,3,0,8,3,9,6,1,4,6,2,7,4,5
reelStripBonus4=11,6,1,3,7,0,4,8,9,2,6,8,5,1,3,6,3,4,10,2
reelStripBonus5=2,1,3,0,11,7,1,5,6,2,11,4,7,3,4,6,5,9,8,4
reelStripBonus6=