reelStrip1=1, 7, 5, 3, 7, 2, 4, 0, 6, 7, 4, 8, 5, 6, 9, 4, 5, 2, 6, 7, 8, 4, 5, 1, 6, 7, 3, 4, 5, 7, 6, 4, 5, 6, 8, 4, 7, 5, 4, 6, 5
reelStrip2=2, 6, 7, 1, 4, 3, 5, 0, 7, 4, 6, 3, 7, 5, 2, 7, 9, 4, 5, 6, 4, 5, 6, 7, 4, 5, 6, 7, 1, 3, 6, 4, 2, 5, 6, 3, 4, 7, 1, 4, 7, 2, 5, 6, 5
reelStrip3=7, 3, 5, 8, 6, 4, 3, 7, 5, 1, 7, 2, 6, 0, 4, 9, 6, 1, 2, 7, 3, 4, 6, 1, 2, 5, 3, 4, 5, 6, 7, 4, 5, 6, 7, 4, 5, 7, 1, 2, 5, 3, 4, 8, 7, 1, 6
reelStrip4=5, 4, 2, 7, 0, 6, 3, 7, 1, 4, 3, 5, 2, 4, 9, 2, 6, 1, 4, 3, 5, 6, 7, 1, 2, 3, 4, 5, 6, 7, 5, 6, 7, 4, 5, 6, 1, 7, 2, 4, 3, 5, 6, 3, 7, 1, 5, 2, 4, 3, 5, 7, 6, 0, 4, 7, 6, 2, 7, 3
reelStrip5=7, 3, 4, 1, 7, 2, 4, 8, 3, 6, 7, 0, 5, 2, 6, 9, 5, 4, 1, 5, 6, 0, 1, 2, 3, 4, 5, 1, 6, 7, 8, 4, 5, 0, 7, 1, 6, 2, 7, 3, 4, 2, 5, 8, 6, 2, 7, 3, 1, 4, 3
reelStrip6=
reelStripBonus1=1, 7, 8, 5, 3, 7, 2, 4, 0, 6, 3, 7, 5, 6, 9, 4, 6, 8, 2, 1, 4, 5
reelStripBonus2=6, 2, 0, 7, 1, 4, 3, 5, 0, 7, 1, 4, 6, 3, 5, 2, 7, 9, 4, 0
reelStripBonus3=7, 3, 5, 8, 6, 4, 3, 7, 0, 1, 7, 8, 2, 6, 0, 4, 9, 5, 2, 4, 1, 6, 4, 5, 8
reelStripBonus4=4, 2, 5, 7, 0, 6, 3, 7, 6, 1, 4, 3, 5, 2, 4, 9, 2, 6, 3, 5, 6, 7, 5
reelStripBonus5=7, 3, 4, 1, 5, 2, 4, 8, 7, 3, 4, 6, 7, 0, 6, 5, 2, 6, 9, 8, 5, 1, 4, 5, 3, 8
reelStripBonus6=