reelStrip1=5,8,1,11,3,9,4,10,7,5,6,9,11,5,10,8,9,10,8,9,10,8,9,10,6,2,8,1,6,4,7,10,3,7,9,10,7,6,8,10,6,7,10,6,9,4,8,9,2,7,9
reelStrip2=9,8,7,11,8,4,7,5,4,8,10,6,11,5,8,7,5,8,9,4,8,9,6,5,0,9,5,7,0,5,8,9,6,10,2,9,6,8,9,6,10,7,9,8,10,2,7,10,9,6,10,1,9,2,10,7,3,10,5,3,7,6,10,8,3,6,1,10,6,2,7
reelStrip3=1,5,7,11,4,6,7,4,6,7,5,6,11,3,6,8,5,6,4,7,8,4,6,8,3,9,7,5,4,8,5,2,8,9,5,8,10,6,8,10,6,4,10,9,8,5,3,7,9,10,7,3,10,8,6,7,8,9,10,1,8,5,7,3,6,7,2,9,10,3,5,9,3,5,8,7
reelStrip4=1,2,6,11,7,5,2,4,5,7,4,5,11,4,5,8,1,2,4,3,2,1,4,7,0,4,3,8,0,6,5,8,6,3,0,10,4,6,9,5,3,7,5,6,10,2,7,9,3,5,8,1,7,9,3,5,10,2,9
reelStrip5=10,5,7,11,8,5,1,6,4,5,2,8,11,3,6,7,1,5,8,1,3,7,3,2,4,8,2,5,7,2,4,6,1,3,4,2,3,4,9,3,10,1,5,9,3,7,8,2,6,1,4,2,9
reelStrip6=
reelStripBonus1=5,8,1,11,3,9,4,10,7,5,6,9,11,5,10,8,9,10,8,9,10,8,9,10,6,2,8,1,6,4,7,10,3,7,9,10,7,6,8,10,6,7,10,6,9,4,8,9,2,7,9
reelStripBonus2=9,8,7,11,8,4,7,5,4,8,10,6,11,5,8,7,5,8,9,4,8,9,6,5,0,9,5,7,0,5,8,9,6,10,2,9,6,8,9,6,10,7,9,8,10,2,7,10,9,6,10,1,9,2,10,7,3,10,5,3,7,6,10,8,3,6,1,10,6,2,7
reelStripBonus3=1,5,7,11,4,6,7,4,6,7,5,6,11,3,6,8,5,6,4,7,8,4,6,8,3,9,7,5,4,8,5,2,8,9,5,8,10,6,8,10,6,4,10,9,8,5,3,7,9,10,7,3,10,8,6,7,8,9,10,1,8,5,7,3,6,7,2,9,10,3,5,9,3,5,8,7
reelStripBonus4=1,2,6,11,7,5,2,4,5,7,4,5,11,4,5,8,1,2,4,3,2,1,4,7,0,4,3,8,0,6,5,8,6,3,0,10,4,6,9,5,3,7,5,6,10,2,7,9,3,5,8,1,7,9,3,5,10,2,9
reelStripBonus5=10,5,7,11,8,5,1,6,4,5,2,8,11,3,6,7,1,5,8,1,3,7,3,2,4,8,2,5,7,2,4,6,1,3,4,2,3,4,9,3,10,1,5,9,3,7,8,2,6,1,4,2,9
reelStripBonus6=