reelStrip1=0, 0, 0, 5, 5, 0, 4, 5, 4, 6, 6, 2, 2, 2, 2, 3, 1, 3, 1, 5, 5, 5, 5, 6, 6, 6, 6, 2, 4, 4, 4, 4, 5, 5, 3, 3, 3, 6, 3, 3, 2, 2, 1, 1, 1, 4, 1, 4, 4, 1, 1, 4, 5, 5
reelStrip2=0, 0, 0, 0, 6, 6, 6, 6, 4, 4, 5, 5, 5, 5, 4, 4, 5, 5, 5, 2, 2, 2, 2, 3, 3, 3, 6, 6, 6, 4, 4, 4, 4, 5, 5, 5, 5, 1, 1, 1, 1, 6, 6, 6
reelStrip3=5,5,5,5,2,2,2,2,3,3,7,0,0,0,4,4,3,3,3,3,0,4,4,6,6,6,6,1,1,1,1,4,4,4,4,6,6,6,6,5,5,5,5,3,3,3,3,4,4,4,4,4,4,4,4,6,6,6,6,5,5,5,5,3,3,3,3,4,4,4,4,6,6,6,6,5,5,5,5,3,3,3,3,4,4,4,4,4,4,4,4,6,6,6,6,5,5,5,5,3,3,3,3,4,4,4,4,4,4,4,4,6,6,6,6,4,4,4,4,4,4,4,4,6,6,6,6,5,5,5,5,3,3,3,3,4,4,4,4,6,6,6,6,5,5,5,5,3,3,3,3,4,4,4,4,4,4,4,4,6,6,6,6,5,5,5,5,3,3,3,3,4,4,4,4,4,4,4,4,6,6,6,6,5,5,5,5,3,3,3,3,4,4,4,4,6,6,6,6,5,5,5,5,3,3,3,3,4,4,4,4,2,2,1,1
reelStrip4=0,0,0,0,1,1,1,6,1,6,6,1,1,1,1,2,2,2,2,2,4,4,4,4,2,2,2,2,5,5,5,5,5,4,4,4,4,4,2,2,2,2,2,5,5,5,5,5,4,4,4,4,4,2,2,2,2,2,4,4,4,4,2,2,2,2,5,5,5,5,5,4,4,4,4,4,4,4,4,4,4,2,2,2,2,2,4,4,4,4,2,2,2,2,5,5,5,5,5,4,4,4,4,4,3,3,3,3,7,6,6,6,6,6,5,5,5,5,3,3,3,3,4,2,1
reelStrip5=3,3,3,3,0,6,6,4,4,4,4,7,0,0,0,0,3,3,1,1,1,1,5,5,4,4,4,4,4,2,2,2,2,2,5,5,5,5,6,6,6,6,1,1,1,1,4,4,2,2,2,6,6,6,6,5,5,5,5,5,5,5,5,6,6,6,6,1,1,1,1,4,4,2,2,2,6,6,6,6,5,5,5,5,6,6,6,6,5,5,5,5,5,5,5,5,6,6,6,6,1,1,1,1,4,4,2,2,2,6,6,6,6,5,5,5,5,3,3,3,3
reelStrip6=
reelStripBonus1=
reelStripBonus2=
reelStripBonus3=
reelStripBonus4=
reelStripBonus5=
reelStripBonus6=