reelStrip1=11,10,7,8,2,10,11,7,4,9,10,13,8,9,5,6,9,8,3,9,10,8,9,11,10,4,7,11,12,9,10,8,4,5,10,11,9,2,10,11,5,9,3,10,12,6,10,9,7,6,11,10
reelStrip2=8,11,7,2,11,10,1,8,0,9,10,13,8,9,5,6,11,8,3,10,11,8,10,11,7,6,12,11,11,9,11,10,4,5,7,11,9,2,10,9,5,9,3,10,12,6,10,9,7,6,11,10
reelStrip3=11,10,7,8,2,3,1,10,0,11,10,13,8,2,5,6,11,8,3,7,5,8,9,7,8,6,12,11,8,9,3,10,4,5,8,11,9,2,8,7,5,9,3,6,12,10,7,9,7,6,11,10
reelStrip4=2,11,7,8,2,4,1,2,0,5,8,13,8,9,5,6,7,8,3,11,7,8,10,7,11,6,12,2,7,5,3,8,4,5,9,11,6,2,9,6,5,6,3,5,12,6,10,9,7,6,7,10
reelStrip5=4,11,7,8,2,4,11,7,4,9,3,13,8,9,5,6,2,8,9,11,10,8,9,7,10,9,4,12,13,9,3,6,4,5,7,2,9,2,10,13,8,9,3,5,13,6,3,5,12,6,11,10,8,13,5,6,11,8,9,11,10,8,11,7,10,9,4,11,5,9,3,6,4,5,10,2,9,2,10,5,8,9,3,5,9,6,3,5,7,6,11,10
reelStrip6=
reelStripBonus1=11,10,7,8,2,10,11,7,4,9,10,13,8,9,5,6,9,8,3,9,10,8,9,11,10,4,7,11,12,9,10,8,4,5,10,11,9,2,10,11,5,9,3,10,12,6,10,9,7,6,11,10
reelStripBonus2=8,11,7,2,11,10,1,8,0,9,10,13,8,9,5,6,11,8,3,10,11,8,10,11,7,6,12,11,11,9,11,10,4,5,7,11,9,2,10,9,5,9,3,10,12,6,10,9,7,6,11,10
reelStripBonus3=11,10,7,8,2,3,1,10,0,11,10,13,8,2,5,6,11,8,3,7,5,8,9,7,8,6,12,11,8,9,3,10,4,5,8,11,9,2,8,7,5,9,3,6,12,10,7,9,7,6,11,10
reelStripBonus4=2,11,7,8,2,4,1,2,0,5,8,13,8,9,5,6,7,8,3,11,7,8,10,7,11,6,12,2,7,5,3,8,4,5,9,11,6,2,9,6,5,6,3,5,12,6,10,9,7,6,7,10
reelStripBonus5=4,11,7,8,2,4,11,7,4,9,3,13,8,9,5,6,2,8,9,11,10,8,9,7,10,9,4,12,13,9,3,6,4,5,7,2,9,2,10,13,8,9,3,5,13,6,3,5,12,6,11,10,8,13,5,6,11,8,9,11,10,8,11,7,10,9,4,11,5,9,3,6,4,5,10,2,9,2,10,5,8,9,3,5,9,6,3,5,7,6,11,10
reelStripBonus6=