reelStrip1=6,6,6,7,7,7,3,3,3,5,5,5,4,4,4,7,7,7,3,3,3,2,4,4,4,0,6,6,6,1,3,3,3,7,7,7,5,5,5,6,6,6
reelStrip2=3,3,3,2,6,6,6,2,4,4,4,2,5,5,5,7,7,7,1,3,3,3,2,5,5,5,0,4,4,4,2,5,5,5,7,7,7,1,6,6,6,3,3,3,2,5,5,5,4,4,4,2,7,7,7,1,3,3,3,5,5,5,1,7,7,7,4,4,4,6,6,6,1
reelStrip3=5,5,5,2,4,4,4,6,6,6,0,3,3,3,6,6,6,0,5,5,5,0,7,7,7,5,5,5,7,7,7,2,4,4,4,7,7,7,2,4,4,4,7,7,7,1,6,6,6,6,6,6,4,4,4
reelStrip4=6,6,6,3,3,3,7,7,7,4,4,4,2,5,5,5,4,4,4,0,6,6,6,3,3,3,3,3,3,6,6,6,4,4,4,2,6,6,6,4,4,4,2,5,5,5,4,4,4,4,4,4,2,7,7,7,1,4,4,4,2
reelStrip5=2,3,3,3,2,4,4,4,2,5,5,5,0,7,7,7,5,5,5,2,3,3,3,0,7,7,7,6,6,6,1,7,7,7,2,6,6,6
reelStrip6=
reelStripBonus1=
reelStripBonus2=
reelStripBonus3=
reelStripBonus4=
reelStripBonus5=
reelStripBonus6=