reelStrip1=2,4,1,3,1,2,5,0,4,2,7,6,3,8,7,2,5,0,4,2,7,6,3,8,7,5,3,1,0,5,8,3,6,1,2,9,5,0,4,2,7,6,3,8,7,8,2,8,4,2,6,8,4,2,1,0,6,4,1,0,2,5,1,4,2,7,6,3,8,7,8,2,0,3
reelStrip2=2,4,1,7,1,2,5,3,4,2,7,6,3,8,7,2,5,0,4,2,10,7,6,3,8,7,5,3,1,0,5,8,3,6,1,2,5,0,4,2,7,6,3,8,7,8,2,8,4,2,6,8,4,2,1,0,9,6,4,1,0,2,5,1,10,4,2,7,6,3,8,7,8,2,0,3
reelStrip3=2,4,1,7,1,2,5,0,4,2,7,6,3,8,7,2,9,5,0,4,2,7,6,3,8,7,5,3,1,10,0,5,8,3,6,1,2,5,0,4,2,7,6,3,8,9,7,8,2,8,4,2,6,8,4,2,1,0,6,4,1,2,5,4,10,2,7,6,3,8,7,8,2,0,3
reelStrip4=2,4,1,6,1,2,5,3,4,2,7,6,3,8,7,2,5,0,4,2,7,6,3,8,7,5,3,1,0,5,8,3,6,1,0,2,5,10,4,2,7,6,3,8,7,8,2,8,4,2,6,8,4,2,1,0,6,4,9,1,3,10,2,5,1,4,2,7,6,3,8,7,8,2,0,3
reelStrip5=2,4,1,6,1,2,5,0,4,2,7,6,3,8,7,2,5,0,4,2,7,6,3,8,7,5,3,1,0,5,8,3,9,6,1,0,2,5,4,2,7,6,3,8,7,8,2,8,4,2,6,8,4,2,1,0,6,4,1,3,2,5,3,4,2,7,6,3,8,7,8,2,0,3
reelStrip6=
reelStripBonus1=2,4,1,6,1,2,5,0,4,2,7,6,3,8,7,2,5,0,4,2,7,6,3,8,7,5,3,1,0,5,8,3,9,6,1,0,2,5,4,2,7,6,3,8,7,8,2,8,4,2,6,8,4,2,1,0,6,4,1,3,2,5,3,4,2,7,6,3,8,7,8,2,0,3
reelStripBonus2=2,4,1,6,1,2,5,0,4,2,7,6,3,8,7,2,5,0,4,2,7,6,3,8,7,5,3,1,0,5,8,3,9,6,1,0,2,5,4,2,7,6,3,8,7,8,2,8,4,2,6,8,4,2,1,0,6,4,1,3,2,5,3,4,2,7,6,3,8,7,8,2,0,3
reelStripBonus3=2,4,1,6,1,2,5,0,4,2,7,6,3,8,7,2,5,0,4,2,7,6,3,8,7,5,3,1,0,5,8,3,9,6,1,0,2,5,4,2,7,6,3,8,7,8,2,8,4,2,6,8,4,2,1,0,6,4,1,3,2,5,3,4,2,7,6,3,8,7,8,2,0,3
reelStripBonus4=2,4,1,6,1,2,5,0,4,2,7,6,3,8,7,2,5,0,4,2,7,6,3,8,7,5,3,1,0,5,8,3,9,6,1,0,2,5,4,2,7,6,3,8,7,8,2,8,4,2,6,8,4,2,1,0,6,4,1,3,2,5,3,4,2,7,6,3,8,7,8,2,0,3
reelStripBonus5=2,4,1,6,1,2,5,0,4,2,7,6,3,8,7,2,5,0,4,2,7,6,3,8,7,5,3,1,0,5,8,3,9,6,1,0,2,5,4,2,7,6,3,8,7,8,2,8,4,2,6,8,4,2,1,0,6,4,1,3,2,5,3,4,2,7,6,3,8,7,8,2,0,3
reelStripBonus6=