reelStrip1=7,0,6,0,4,0,3,0,5,0,3,0,7,0,6,0,5,0,7,0,1,0,4,0,6,0,3,0,4,0,6,0,5,0,7,0,6,0,4,0,5,0,6,0,2,0,3,0,7,0
reelStrip2=7,0,6,0,4,0,3,0,5,0,3,0,2,0,7,0,6,0,5,0,7,0,4,0,6,0,3,0,4,0,6,0,5,0,7,0,6,0,4,0,5,0,6,0,3,0,1,0,7,0
reelStrip3=7,0,6,0,4,0,3,0,5,0,3,0,1,0,2,0,7,0,6,0,5,0,7,0,4,0,6,0,3,0,4,0,6,0,5,0,7,0,6,0,4,0,5,0,6,0,3,0,7,0
reelStrip4=7,0,6,0,4,0,3,0,5,0,3,0,7,0,6,0,5,0,7,0,4,0,6,0,3,0,4,0,6,0,2,0,5,0,7,0,6,0,4,0,5,0,6,0,3,0,1,0,7,0
reelStrip5=7,0,6,0,4,0,1,0,3,0,5,0,3,0,2,0,7,0,6,0,5,0,7,0,4,0,6,0,3,0,4,0,6,0,5,0,7,0,6,0,4,0,5,0,6,0,3,0,7,0
reelStrip6=
reelStripBonus1=7,0,6,0,4,0,3,0,5,0,3,0,2,0,7,0,6,0,5,0,7,0,4,0,6,0,3,0,4,0,6,0,5,0,7,0,6,0,4,0,5,0,6,0,3,0,7,0
reelStripBonus2=7,0,6,0,4,0,3,0,5,0,3,0,2,0,7,0,6,0,5,0,7,0,4,0,6,0,3,0,4,0,6,0,5,0,7,0,6,0,4,0,5,0,6,0,3,0,7,0
reelStripBonus3=7,0,6,0,4,0,3,0,5,0,3,0,2,0,7,0,6,0,5,0,7,0,4,0,6,0,3,0,4,0,6,0,5,0,7,0,6,0,4,0,5,0,6,0,3,0,7,0
reelStripBonus4=7,0,6,0,4,0,3,0,5,0,3,0,2,0,7,0,6,0,5,0,7,0,4,0,6,0,3,0,4,0,6,0,5,0,7,0,6,0,4,0,5,0,6,0,3,0,7,0
reelStripBonus5=7,0,6,0,4,0,3,0,5,0,3,0,2,0,7,0,6,0,5,0,7,0,4,0,6,0,3,0,4,0,6,0,5,0,7,0,6,0,4,0,5,0,6,0,3,0,7,0
reelStripBonus6=