reelStrip1=8,1,1,1,1,7,11,9,10,3,9,12,6,9,11,8,2,8,5,7,9,10,4,8,7,9,7,6,10,7,2,9,11,8,1,1,1,1,5,7,7,9
reelStrip2=10,1,1,1,1,2,11,9,4,8,5,12,4,6,3,11,2,0,0,0,0,4,11,3,10,3,7,10,3,0,7,3,11,10,1,1,1,1,3,6,5,10
reelStrip3=11,1,1,1,1,7,8,10,6,2,3,12,4,2,5,6,3,0,0,0,0,9,4,8,5,6,7,10,3,0,9,4,11,5,1,1,1,1,6,10,9,5
reelStrip4=7,1,1,1,1,6,8,10,6,9,2,12,11,10,6,8,3,0,0,0,0,2,5,11,5,4,7,7,3,0,2,4,6,9,1,1,1,1,2,11,11,9
reelStrip5=8,1,1,1,1,4,11,7,6,8,10,12,7,5,4,9,8,5,4,2,10,3,8,5,9,8,7,5,7,2,5,10,3,6,1,1,1,1,7,8,3,2
reelStrip6=
reelStripBonus1=8,1,1,1,1,7,11,9,10,3,9,12,6,9,11,8,2,8,5,7,9,10,4,8,7,9,7,6,10,7,2,9,11,8,1,1,1,1,5,7,7,9
reelStripBonus2=10,1,1,1,1,2,11,9,4,8,5,12,4,6,3,11,2,0,0,0,0,4,11,3,10,3,7,10,3,0,7,3,11,10,1,1,1,1,3,6,5,10
reelStripBonus3=11,1,1,1,1,7,8,10,6,2,3,12,4,2,5,6,3,0,0,0,0,9,4,8,5,6,7,10,3,0,9,4,11,5,1,1,1,1,6,10,9,5
reelStripBonus4=7,1,1,1,1,6,8,10,6,9,2,12,11,10,6,8,3,0,0,0,0,2,5,11,5,4,7,7,3,0,2,4,6,9,1,1,1,1,2,11,11,9
reelStripBonus5=8,1,1,1,1,4,11,7,6,8,10,12,7,5,4,9,8,5,4,2,10,3,8,5,9,8,7,5,7,2,5,10,3,6,1,1,1,1,7,8,3,2
reelStripBonus6=