reelStrip1=2,5,7,8,3,4,5,1,4,8,2,7,4,5,3,2,0,1,8,3,5,1,4,8,2,7,4,2,7,8,6,4,7,8,3,4,5,0,1,4,8,2,7,4,5,3,2,0,1,8,4,2,7,8,6
reelStrip2=2,5,7,8,3,0,1,7,8,3,9,4,5,0,1,4,8,2,7,4,5,3,2,0,1,8,4,2,7,8,6,4,8,2,7,4,4,5,0,1,4,8,2,7,9,4,5,3,2,0,1,8,2,7,8,6,4
reelStrip3=2,5,7,8,3,4,5,6,9,1,4,8,2,7,4,0,1,4,8,2,7,4,5,3,2,0,1,8,2,7,8,6,4,3,4,5,6,1,4,8,2,7,4,0,1,4,8,2,9,7,4,5,3,2,0,
reelStrip4=2,5,7,8,3,4,5,0,1,4,8,2,7,9,4,5,3,2,0,1,8,4,2,7,8,6,4,0,1,4,8,7,8,3,4,5,0,1,4,8,2,7,4,5,3,2,0,1,8,4,2,7,9,8,6,2,7,4
reelStrip5=2,5,7,8,3,4,5,0,1,4,8,2,7,4,5,3,2,0,1,8,2,7,8,0,1,4,8,2,7,4,6,4,3,4,5,6,1,4,8,2,7,4,0,1,4,8,2,7,4,5,3,2,0,
reelStrip6=
reelStripBonus1=
reelStripBonus2=
reelStripBonus3=
reelStripBonus4=
reelStripBonus5=
reelStripBonus6=
