reelStrip1=3,3,3,50,5,5,5,99,3,3,3,50,4,4,4,100,5,5,5,101,6,6,6,50,7,7,7,102,8,8,8,50
reelStrip2=3,3,3,50,5,5,5,99,3,3,3,50,4,4,4,100,5,5,5,101,6,6,6,50,7,7,7,102,8,8,8,50
reelStrip3=3,3,3,50,5,5,5,99,3,3,3,50,4,4,4,100,5,5,5,101,6,6,6,50,7,7,7,102,8,8,8,50
reelStrip4=3,3,3,50,5,5,5,99,3,3,3,50,4,4,4,100,5,5,5,101,6,6,6,50,7,7,7,102,8,8,8,50
reelStrip5=3,3,3,50,5,5,5,99,3,3,3,50,4,4,4,100,5,5,5,101,6,6,6,50,7,7,7,102,8,8,8,50
reelStrip6=
reelStripBonus1=
reelStripBonus2=
reelStripBonus3=
reelStripBonus4=
reelStripBonus5=
reelStripBonus6=