reelStrip1=6,11,12,13,6,6,4,5,5,5,3,5,5,7,7,7,8,2,6,6,3,6,1,8,8,8,2,7,7,1,1,1,8,2,2,2,5,3,3,3,8,4,4,4,5,1,8,11,12,13,8,5,4,6,6,6,2,7,7,7
reelStrip2=8,8,9,10,5,5,5,5,1,1,6,6,6,0,7,7,7,7,6,6,8,3,5,2,8,8,8,8,1,7,7,7,11,12,13,5,5,4,4,7,1,1,1,1,6,2,2,2,2,8,3,3,3,3,5,5,4,4,4,4,6,6,9,10,7,8
reelStrip3=8,4,5,9,10,5,5,5,5,5,4,4,6,3,3,3,3,6,6,6,6,0,7,7,7,7,7,1,8,8,8,8,8,2,2,8,11,12,13,6,1,1,1,1,1,6,2,2,2,2,2,7,7,3,3,3,3,3,8,4,4,4,4,4,5,11,12,13,7,1
reelStrip4=1,1,7,7,9,10,5,5,5,5,0,6,6,6,6,2,2,7,7,7,7,3,8,4,4,8,8,8,8,7,2,2,8,11,12,13,7,1,1,1,1,1,5,2,2,2,2,6,6,3,3,3,3,6,6,4,4,4,4,8,8,9,10,5,5
reelStrip5=6,6,11,12,13,5,5,5,2,7,6,6,6,3,5,8,7,7,7,4,6,1,1,8,8,8,4,4,5,1,1,1,5,2,2,2,2,7,7,4,4,4,8,8,3,3,3,3
reelStrip6=
reelStripBonus1=6,11,12,13,6,6,4,5,5,5,3,5,5,7,7,7,8,2,6,6,3,6,1,8,8,8,2,7,7,1,1,1,8,2,2,2,5,3,3,3,8,4,4,4,5,1,8,11,12,13,8,5,4,6,6,6,2,7,7,7
reelStripBonus2=8,8,9,10,5,5,5,5,1,1,6,6,6,0,7,7,7,7,6,6,8,3,5,2,8,8,8,8,1,7,7,7,11,12,13,5,5,4,4,7,1,1,1,1,6,2,2,2,2,8,3,3,3,3,5,5,4,4,4,4,6,6,9,10,7,8
reelStripBonus3=12, 12, 12, 12, 12, 12, 12, 12, 12, 12, 12, 12, 12, 12, 12, 12, 12, 12, 12, 12
reelStripBonus4=1,1,7,7,9,10,5,5,5,5,0,6,6,6,6,2,2,7,7,7,7,3,8,4,4,8,8,8,8,7,2,2,8,11,12,13,7,1,1,1,1,1,5,2,2,2,2,6,6,3,3,3,3,6,6,4,4,4,4,8,8,9,10,5,5
reelStripBonus5=6,6,11,12,13,5,5,5,2,7,6,6,6,3,5,8,7,7,7,4,6,1,1,8,8,8,4,4,5,1,1,1,5,2,2,2,2,7,7,4,4,4,8,8,3,3,3,3
reelStripBonus6=