reelStrip1=12,12,12,12,7,8,2,3,6,4,12,12,12,12,2,5,7,2,8,7,11,2,5,3,4,2,8,3,11,2,9,3,12,12,12,12,12,8,2,4,3,7,2,10,8,3,2,9,5,6,2,8,4,9,2,3,8,5,2,3,8,4,2,3
reelStrip2=12,12,12,12,12,7,2,8,3,12,12,12,12,7,2,6,8,4,11,5,2,1,3,5,9,1,4,3,2,8,12,12,12,12,12,5,2,4,9,5,2,1,8,5,4,2,11,6,1,2,10,5,9,3,4,5,7,3,6,5,1,9,3,4
reelStrip3=12,12,12,12,9,2,5,4,7,6,3,1,7,6,2,1,9,7,2,8,6,1,4,11,6,7,5,8,3,4,9,6,1,5,2,9,4,6,7,1,5,6,2,3,11,5,7,3,9,6,2,4,10,5,7,1,4,6,7,2,3,10,2,6
reelStrip4=12,12,12,12,2,3,7,9,11,3,2,1,7,3,8,4,5,2,2,8,4,2,5,3,1,9,2,3,4,5,9,2,4,8,5,3,9,3,8,2,6,1,3,2,9,4,8,7,5,10,4,8,7,1,3,8,3,9,4,5,8,6,2,3
reelStrip5=12,12,12,12,3,3,6,4,10,3,6,4,5,7,3,6,2,8,4,9,5,6,11,3,7,3,6,8,5,7,2,6,3,9,7,2,3,6,8,4,6,7,8,5,3,4,7,6,3,4,9,6,2,7,8,4,9,7,3,6,4,7,3,5
reelStrip6=
reelStripBonus1=12,12,12,12,12,12,12,2,5,10,2,5,8,2,4,5,2,9,5,4,2,5,10,2,5,4,2,5,3,2,5,11,2,5,3,2,11,7,2,5,3,2,5,8,3,5,2,9,3,5,2,8,6,2,5,8,2,5,10,2,5,9,2,5
reelStripBonus2=12,12,12,12,12,12,3,6,2,1,6,3,11,6,4,3,6,10,2,3,6,4,3,6,7,8,3,6,9,3,6,11,1,3,6,7,3,6,11,3,6,3,10,6,3,5,10,6,3,2,9,6,3,8,6,10,3,6,9,3,6,5,3,6
reelStripBonus3=12,12,12,12,12,12,7,4,11,7,4,9,1,4,3,7,4,10,4,7,1,4,11,7,4,8,11,7,4,5,7,4,11,1,4,7,10,4,1,7,2,4,7,11,4,7,6,4,1,7,4,9,7,4,5,7,4,10,7,4,8,2,7,4
reelStripBonus4=12,12,12,12,3,7,8,4,4,11,5,3,1,8,3,2,10,9,6,7,3,2,5,10,3,3,5,11,3,8,1,2,4,5,8,11,2,5,7,3,2,9,10,3,2,9,11,8,3,2,9,5,11,2,9,11,4,2,5,3,8,6,7,11
reelStripBonus5=12,12,12,12,11,5,2,8,3,4,6,10,4,7,9,2,8,4,5,10,6,4,9,7,11,2,4,10,6,11,4,6,8,11,9,3,10,4,8,7,6,4,11,6,9,4,3,9,10,4,5,11,6,7,8,10,4,9,4,6,10,6,8,7
reelStripBonus6=