reelStrip1=10,5,6,12,3,10,4,7,3,11,5,7,8,11,10,7,9,12,5,2,9,7,4,10,6,8,7,3,10,11,1,9,12,4,11,1,9,11,5,6,10,8,5,9,7,6,12,9,2,8,3,12,11,5,8,6,2,12,4,8,2,6,12,2
reelStrip2=3,1,6,8,11,3,6,4,5,6,10,7,9,6,8,11,12,4,5,11,6,3,4,0,5,1,9,8,12,10,6,5,12,10,3,9,8,6,3,8,12,2,11,7,9,8,7,11,8,7,9,2,10,4,11,7,9,10,7,9,10,11,4,5
reelStrip3=7,6,3,8,5,10,12,8,5,4,7,2,5,8,11,6,7,10,3,4,0,10,2,5,9,10,7,2,10,11,4,3,7,10,12,11,6,7,11,10,5,4,11,10,4,3,6,0,4,12,3,2,8,5,1,6,9,1,8,11,10,6,8,11
reelStrip4=11,9,0,11,9,0,11,9,3,6,5,8,1,5,4,7,5,6,2,1,5,3,6,7,3,10,4,7,8,4,3,10,2,3,4,7,2,6,5,10,6,5,7,8,4,6,2,4,8,6,7,11,9,0,11,9,2,10,3,5,4,2,10,3
reelStrip5=9,3,1,8,5,4,2,3,5,8,3,7,11,5,3,9,11,2,7,6,5,8,2,3,8,10,6,5,4,10,6,4,8,2,4,9,10,7,8,9,3,4,9,1,10,7,4,10,9,8,1,11,9,6,3,7,11,4,1,11,4,7,6,11
reelStrip6=
reelStripBonus1=10,5,6,12,3,10,4,7,3,11,5,7,8,11,10,7,9,12,5,2,9,7,4,10,6,8,7,3,10,11,1,9,12,4,11,1,9,11,5,6,10,8,5,9,7,6,12,9,2,8,3,12,11,5,8,6,2,12,4,8,2,6,12,2
reelStripBonus2=3,1,6,8,11,3,6,4,5,6,10,7,9,6,8,11,12,4,5,11,6,3,4,0,5,1,9,8,12,10,6,5,12,10,3,9,8,6,3,8,12,2,11,7,9,8,7,11,8,7,9,2,10,4,11,7,9,10,7,9,10,11,4,5
reelStripBonus3=7,6,3,8,5,10,12,8,5,4,7,2,5,8,11,6,7,10,3,4,0,10,2,5,9,10,7,2,10,11,4,3,7,10,12,11,6,7,11,10,5,4,11,10,4,3,6,0,4,12,3,2,8,5,1,6,9,1,8,11,10,6,8,11
reelStripBonus4=11,9,0,11,9,0,11,9,3,6,5,8,1,5,4,7,5,6,2,1,5,3,6,7,3,10,4,7,8,4,3,10,2,3,4,7,2,6,5,10,6,5,7,8,4,6,2,4,8,6,7,11,9,0,11,9,2,10,3,5,4,2,10,3
reelStripBonus5=9,3,1,8,5,4,2,3,5,8,3,7,11,5,3,9,11,2,7,6,5,8,2,3,8,10,6,5,4,10,6,4,8,2,4,9,10,7,8,9,3,4,9,1,10,7,4,10,9,8,1,11,9,6,3,7,11,4,1,11,4,7,6,11
reelStripBonus6=