reelStrip1=2,4,10,2,4,8,9,2,6,9,2,5,9,8,2,4,8,2,6,1,2,5,10,8,4,5,11,9,6,4,11,9,7,4,11,3,7,11,10,8,11,10,5,3,12,6,4,12,3,4,12,7,6,12,10,9,12,9,5,4,13,4,6,13
reelStrip2=6,4,5,13,7,3,4,13,7,5,3,6,5,12,3,4,12,7,4,3,5,7,11,4,5,11,7,4,3,2,8,6,2,10,6,2,7,4,3,1,4,5,3,9,4,3,9,6,4,10,3,4,9,5,4,8,6,7,10,3,6,8,4,3
reelStrip3=2,7,12,2,7,1,2,7,1,2,6,10,2,7,11,2,7,8,2,7,10,2,6,11,2,6,12,5,2,9,5,3,11,2,8,5,3,12,2,8,5,3,10,2,9,5,3,10,5,3,8,5,9,3,5,8,3,5,4,3,13,5,3,13
reelStrip4=9,11,7,10,11,3,13,5,11,10,3,13,7,9,2,1,4,5,1,6,2,1,4,6,2,5,6,10,11,12,10,11,8,10,11,12,3,8,12,10,8,4,7,8,12,7,11,10,12,9,10,11,9,12,8,6,11,8,4,6,9,4,7,3
reelStrip5=10,6,11,10,7,12,10,8,1,6,10,7,12,6,3,8,9,11,8,7,10,8,12,6,10,5,7,10,9,8,11,8,10,6,4,10,4,13,10,9,13,6,9,7,13,9,7,13,9,6,8,7,11,8,9,7,6,10,7,2,9,8,11,9
reelStrip6=
reelStripBonus1=10,7,3,8,7,6,9,4,2,11,13,2,9,2,5,4,6,2,13,4,2,3,8,10,6,1,5,13,4,5,3,8,13,7,9,5,7,6,13,9,3,2,13,5,9,2,4,13,6,2,8,4,1,8,9,6,13,5,8,4,5,3,12,9
reelStripBonus2=5,6,4,2,3,4,2,4,3,7,4,13,6,4,3,9,4,12,5,2,3,12,5,6,8,10,5,8,1,6,7,11,5,7,4,5,3,4,7,4,13,7,4,10,6,4,13,9,4,12,13,9,4,13,3,6,11,8,10,5,2,1,6,7
reelStripBonus3=2,3,2,6,4,3,2,12,5,2,7,5,2,4,7,1,9,2,5,9,2,1,5,7,8,3,5,7,3,2,10,4,2,3,2,6,3,2,5,6,3,13,5,6,2,7,3,9,2,8,9,2,8,5,7,2,4,5,7,2,3,2,4,11
reelStripBonus4=3,2,5,4,2,4,4,7,1,3,4,2,3,5,1,3,4,2,1,3,2,6,3,10,4,6,13,4,3,2,4,1,7,2,5,4,3,12,4,2,5,3,1,4,2,9,5,3,2,5,11,6,10,8,3,5,4,6,2,4,3,2,3,11
reelStripBonus5=3,4,5,3,6,5,3,4,2,1,6,2,7,1,3,3,6,1,2,7,5,3,6,4,5,7,6,3,5,4,3,12,3,4,3,10,4,5,4,2,8,6,4,2,13,5,2,4,6,4,7,3,4,9,6,2,5,7,6,2,5,4,3,11
reelStripBonus6=