reelStrip1= 2,11,1,13,2,11,3,13,2,12,4,11,4,13,11,4,13,1,11,4,12,2,11,13,1,13,2,11,3,12,2,13,4,11,2,12,4,11,4,12,13,4,2,12,3
reelStrip2= 4,11,2,12,3,13,4,B,13,12,1,3,13,4,3,4,2,11,3,4,13,4,B,13,4,12,3,4,B,13,4,3,13,4,3,4,12,1,3,4,13,3,4,1,13,3,B,2
reelStrip3= 1,2,B,4,3,12,2,11,4,13,3,12,3,11,2,13,4,11,2,B,1,13,3,11,4,B,13,3,2,12,3,11,1,13,3,2,11,3,2,11,3,2,12,3,4,13,2,12
reelStrip4=4,3,13,4,12,3,4,B,13,1,12,4,3,12,1,4,3,4,11,3,13,3,B,13,3,2,13,1,12,3,2,11,4,12,13,11,1,12,3,13,1,12,3,B,13,3,4,11
reelStrip5=11,1,12,2,4,11,2,13,1,4,11,4,11,3,13,2,11,3,13,4,11,3,1,4,11,3,1,12,4,2,11,4,13,1,11,2,13,4,12,2,11,4,2,11,12,4
reelStrip6=
reelStripBonus1=
reelStripBonus2=
reelStripBonus3=
reelStripBonus4=
reelStripBonus5=
reelStripBonus6=