reelStrip1=8 ,2 ,1 ,10,4 ,1 ,2 ,7 ,5 ,0 ,7 ,4 ,1 ,8 ,7 ,5 ,4 ,6 ,10,3 ,4 ,5 ,1 ,9 ,8 ,3 ,2 ,8 ,3 ,7 ,5 ,4 ,6 ,8 ,1 ,3 ,6 ,5 ,8 ,10,4 ,5 ,1 ,6 ,8 ,4 ,6 ,3 ,1 ,9 ,10,5 ,8 ,7 ,6 ,8 ,2 ,7 ,8 ,5 ,10,3 ,4 ,5 ,2 ,6 ,10,7 ,2 ,8 ,6 ,4 ,5 ,7 ,9 ,8 ,6 ,7 ,2 ,5 ,6 ,1 ,5 ,6 ,3 ,7 ,6 ,5 ,4 ,3 ,7 ,8 ,4 ,6 ,2 ,7 ,4 ,8 ,2 ,6 ,0 ,4 ,7 ,5 ,8 ,6 ,7 ,8 ,3 ,2 ,7 ,8 ,1 ,5 ,3 ,10,6 ,2 ,8 ,6 ,7 ,3 ,8 ,7 ,4 ,5 ,7 ,3
reelStrip2=6 ,8 ,10,1 ,7 ,10,6 ,3 ,7 ,2 ,5 ,7 ,8 ,5 ,6 ,8 ,4 ,6 ,7 ,5 ,4 ,3 ,2 ,10,8 ,5 ,10,2 ,7 ,8 ,4 ,1 ,8 ,3 ,7 ,6 ,3 ,4 ,8 ,1 ,4 ,7 ,3 ,8 ,7 ,2 ,8 ,4 ,2 ,7 ,5 ,8 ,4 ,3 ,7 ,4 ,2 ,5 ,8 ,7 ,2 ,6 ,7 ,8 ,1 ,7 ,8 ,6 ,4 ,5 ,0 ,4 ,5 ,6 ,1 ,5 ,6 ,0 ,8 ,2 ,6 ,8 ,10,4 ,8 ,6 ,3 ,4 ,8 ,5 ,1 ,8 ,6 ,3 ,7 ,2 ,5 ,10,3 ,5 ,7 ,3 ,2 ,8 ,7 ,5 ,3 ,6 ,0 ,7 ,6 ,2 ,3 ,6 ,5 ,7 ,4 ,8 ,7 ,6 ,1 ,4 ,6 ,5 ,1 ,6 ,5 ,7
reelStrip3=5 ,3 ,8 ,7 ,4 ,5 ,3 ,6 ,5 ,8 ,6 ,2 ,3 ,5 ,7 ,3 ,8 ,6 ,1 ,4 ,7 ,5 ,3 ,8 ,2 ,5 ,7 ,8 ,6 ,7 ,4 ,2 ,7 ,3 ,2 ,1 ,6 ,8 ,5 ,0 ,1 ,10,6 ,8 ,1 ,5 ,4 ,7 ,3 ,1 ,4 ,10,3 ,6 ,2 ,8 ,7 ,5 ,10,3 ,6 ,8 ,7 ,5 ,6 ,2 ,10,6 ,8 ,4 ,0 ,5 ,6 ,7 ,8 ,4 ,10,8 ,4 ,6 ,5 ,8 ,7 ,4 ,8 ,7 ,6 ,1 ,7 ,4 ,5 ,6 ,10,0 ,2 ,8 ,5 ,2 ,7 ,5 ,4 ,1 ,8 ,6 ,2 ,7 ,8 ,2 ,3 ,4 ,7 ,3 ,8 ,6 ,3 ,4 ,7 ,6 ,8 ,7 ,1 ,8 ,7 ,4 ,5 ,6 ,2 ,7
reelStrip4=6 ,3 ,0 ,1 ,5 ,6 ,3 ,5 ,7 ,3 ,10,7 ,2 ,6 ,7 ,1 ,8 ,10,3 ,5 ,7 ,4 ,2 ,8 ,7 ,2 ,6 ,8 ,0 ,1 ,7 ,2 ,5 ,7 ,4 ,2 ,1 ,6 ,4 ,7 ,1 ,6 ,10,7 ,2 ,5 ,8 ,7 ,3 ,8 ,4 ,0 ,10,3 ,8 ,5 ,4 ,8 ,7 ,3 ,6 ,5 ,8 ,10,4 ,3 ,1 ,5 ,4 ,8 ,7 ,10,6 ,4 ,7 ,8 ,6 ,3 ,2 ,6 ,8 ,5 ,7 ,4 ,2 ,8 ,6 ,5 ,8 ,6 ,7 ,5 ,8 ,4 ,5 ,8 ,6 ,7 ,1 ,3 ,4 ,8 ,3 ,2 ,8 ,1 ,3 ,8 ,4 ,6 ,7 ,5 ,6 ,7 ,2 ,8 ,6 ,5 ,2 ,6 ,4 ,8 ,6 ,7 ,5 ,8 ,7 ,5
reelStrip5=6 ,8 ,3 ,2 ,8 ,3 ,2 ,7 ,4 ,8 ,6 ,2 ,3 ,1 ,4 ,3 ,8 ,7 ,4 ,5 ,9 ,8 ,4 ,2 ,3 ,10,4 ,3 ,5 ,8 ,6 ,1 ,10,6 ,5 ,8 ,6 ,4 ,10,5 ,7 ,4 ,6 ,2 ,7 ,5 ,6 ,1 ,8 ,2 ,3 ,8 ,0 ,5 ,4 ,7 ,1 ,5 ,7 ,2 ,6 ,5 ,9 ,7 ,8 ,6 ,7 ,4 ,0 ,8 ,5 ,10,7 ,8 ,6 ,7 ,5 ,3 ,8 ,4 ,10,7 ,8 ,6 ,9 ,8 ,5 ,7 ,3 ,6 ,10,7 ,4 ,3 ,0 ,7 ,5 ,4 ,6 ,7 ,8 ,1 ,6 ,7 ,8 ,6 ,7 ,1 ,6 ,7 ,8 ,2 ,5 ,1 ,7 ,8 ,5 ,6 ,8 ,7 ,5 ,1 ,4 ,6 ,8 ,3 ,2 ,5
reelStrip6=
reelStripBonus1=
reelStripBonus2=
reelStripBonus3=
reelStripBonus4=
reelStripBonus5=
reelStripBonus6=