reelStrip1=7,9,4,8,3,6,5,10,7,8,4,11,3,5,8,2,4,9,7,2,5,8,3,11,4,7,9,5,8,3,10,4,8,1,5,6,3,8,4,11,7,5,8,3,9,4,7,11,5,8,10,4,8,3,11,5,8,3,6,4,10,8,5,1,7,10,2,9,11,5,6,9,4,10,3,6,5,11,8,4,10,7,6,5,11,7,9,4,8,2,5,11,7,1,6,5,7,3,6,10
reelStrip2=9,5,7,11,4,8,10,3,7,5,0,8,4,11,7,6,5,8,4,0,6,9,5,8,6,4,7,10,5,8,3,1,6,2,3,8,5,9,7,4,11,8,5,6,7,4,10,8,5,9,6,4,3,8,10,5,7,4,6,8,11,5,7,4,10,8,3,2,7,0,11,8,4,10,7,3,1,8,11,5,7,3,4,8,6,3,7,5,11,8,4,3,7,5,9,8,1,5,6,3
reelStrip3=8,11,9,10,7,11,9,10,4,11,9,10,5,11,9,10,8,11,9,10,3,11,9,10,7,11,9,10,8,11,9,10,5,11,9,10,6,11,9,10,8,11,7,10,9,11,6,10,9,11,8,10,9,11,5,10,9,11,4,10,9,11,6,10,9,11,3,1,2,11,0,10,9,11,7,10,0,11,10,1,9,11,6,10,9,11,5,10,9,11,8,10,4,11,2,10,9,11,7,1
reelStrip4=9,5,7,11,4,8,10,3,7,5,0,8,4,11,7,6,5,8,4,0,6,9,5,8,6,4,7,10,5,8,3,1,6,2,3,8,5,9,7,4,11,8,5,6,7,4,10,8,5,9,6,4,3,8,10,5,7,4,6,8,11,5,7,4,10,8,3,2,7,0,11,8,4,10,7,3,1,8,11,5,7,3,4,8,6,3,7,5,11,8,4,3,7,5,9,8,1,5,6,3
reelStrip5=7,9,4,8,3,6,5,10,7,8,4,11,3,5,8,2,4,9,7,2,5,8,3,11,4,7,9,5,8,3,10,4,8,1,5,6,3,8,4,11,7,5,8,3,9,4,7,11,5,8,10,4,8,3,11,5,8,3,6,4,10,8,5,1,7,10,2,9,11,5,6,9,4,10,3,6,5,11,8,4,10,7,6,5,11,7,9,4,8,2,5,11,7,1,6,5,7,3,6,10
reelStrip6=
reelStripBonus1=
reelStripBonus2=
reelStripBonus3=
reelStripBonus4=
reelStripBonus5=
reelStripBonus6=