reelStrip1=3,9,5,7,2,9,4,6,9,3,7,4,9,6,8,5,9,1,7,6,8,4,9,5,7,9,6,8,3,9,6,7,2,9,5,8,6,9,3,7,5,8,0,7,6,8,4,7,1,8,6,4,8,7,2,8,5,6,4,8
reelStrip2=8,10,6,4,2,6,4,8,6,10,4,8,2,9,4,8,13,5,8,7,9,6,3,9,4,6,9,2,6,8,4,7,1,8,6,4,8,7,2,8,5,6,4,8,9,3,5,6,4,6,5,7,4,6,5,3,7,6,5,9,2,9,10,5
reelStrip3=9,3,1,6,7,0,9,9,6,8,5,6,2,9,6,10,2,6,6,9,5,9,6,9,3,9,7,5,6,8,4,7,1,8,6,4,8,7,2,8,5,6,4,7,5,10,5,7,5,4,3,3,8,3,3,7,8,4,8,13,8,4,10,8,4,8,5,6,8,4,7,1,8,6,4,8,7,2,8,5,6,4
reelStrip4=9,2,9,10,4,9,4,9,13,9,5,9,10,6,9,2,9,8,7,5,6,6,8,3,5,8,2,8,5,5,8,4,6,7,3,10,6,6,7,0,7,6,8,4,7,1,8,6,4,8,7,2,8,5,6,4,7,1,3,4,4,7,5,2
reelStrip5=9,7,9,7,9,5,9,5,7,7,9,2,7,1,5,9,7,2,6,5,9,3,7,0,5,5,9,7,8,3,9,9,4,7,8,6,6,8,4,4,8,6,2,6,8,4,6,4,3,8,8,6,1,4,8,6,3,8,6,8
reelStrip6=
reelStripBonus1=5,0,5,2,5,1,5,2,5,5,2,5,1,5,3,4,1,4,3,4,3,4,2,4,3,4,2,4,5,3
reelStripBonus2=5,10,2,3,2,1,5,5,2,5,10,3,5,5,4,4,5,2,5,5,1,10,4,4,0,3,1,2,4,3
reelStripBonus3=5,5,1,5,4,10,5,2,5,0,5,5,3,4,1,4,10,1,4,2,4,4,2,4,3,2,10,1,3,4
reelStripBonus4=5,5,10,2,3,5,3,3,10,2,1,0,5,5,1,3,4,4,2,10,4,4,2,1,5,4,0,4,3,0
reelStripBonus5=5,5,1,5,2,5,5,0,5,5,2,5,1,3,3,2,3,0,3,3,4,4,2,4,4,1,4,2,4,4
reelStripBonus6=