reelStrip1=7,2,8,4,10,3,9,2,7,5,6,10,4,9,2,8,3,10,5,7,0,8,4,10,6,7,2,9,3,8,5,7,4,6,2,10,3,8,0,7,5,10,1,9,4,8,6,2,9,5,0,8,3,10,0,9,6,7,5,10,9,2,8,4,7,0,1,9,6,8,5,10,2,7,9,4,6,10,3,8,5,9,0,6,3,8,7,4,9,10,5,6,2,8,3,10,4,9,2,7,5,3,9,2,8,6,4,10,0,9,6,8,5,10,2,7,9,1,6,10,5,8,7,9,2,10,1,8
reelStrip2=7,2,6,4,10,3,9,2,7,5,6,10,4,9,2,8,3,10,5,7,9,8,4,10,6,7,2,9,3,8,5,7,4,6,2,10,3,8,0,7,5,10,1,9,4,8,6,2,9,5,0,8,3,10,0,9,6,7,5,10,9,2,8,4,7,0,1,9,6,8,0,10,2,7,9,4,6,10,3,8,5,9,0,10,3,8,7,4,9,10,5,6,2,8,3,10,4,9,2,7,5,10,9,2,8,6,4,10,2,9,6,8,5,10,2,7,9,1,6,10,5,8,7,9,2,10,1,8
reelStrip3=7,2,6,4,10,3,9,2,7,5,6,10,4,9,2,8,3,10,5,7,9,8,4,10,6,7,2,9,3,8,5,7,4,6,2,10,3,8,0,7,5,10,1,9,0,8,6,2,9,5,7,8,3,10,0,9,6,7,5,10,9,2,8,4,7,10,1,9,6,8,0,10,2,7,9,4,6,10,0,8,5,9,0,10,3,8,7,4,9,10,5,6,2,8,3,10,4,9,2,7,5,10,9,2,8,6,4,10,2,9,6,8,5,10,2,7,9,1,6,10,5,8,7,9,2,10,1,8
reelStrip4=7,2,6,4,10,3,9,2,7,5,6,10,4,9,2,8,3,10,5,7,9,8,4,10,6,7,2,9,3,8,5,7,4,6,2,10,3,8,0,7,5,10,1,9,0,8,6,2,9,5,7,8,3,10,2,9,6,7,5,10,9,2,8,4,7,10,2,9,6,8,0,10,2,7,9,4,6,10,0,8,5,9,2,10,0,8,7,4,9,10,5,6,2,8,3,10,4,9,2,7,5,10,9,2,8,6,4,10,2,9,6,8,5,10,2,7,9,1,6,10,5,8,7,9,2,10,1,8
reelStrip5=7,2,6,4,10,3,9,2,7,5,6,10,4,9,2,8,3,10,5,7,9,8,4,10,6,7,2,9,3,8,5,7,4,6,2,10,3,8,2,7,5,10,1,9,2,8,6,2,9,5,7,8,3,10,2,9,6,7,5,10,9,2,8,4,7,0,2,9,6,8,0,10,2,7,9,4,6,10,2,8,5,9,2,10,0,8,7,4,9,10,5,6,2,8,0,10,4,9,2,7,5,10,9,2,8,6,4,10,2,9,6,8,5,10,2,7,9,1,6,10,5,8,7,9,2,10,1,8
reelStrip6=
reelStripBonus1=7,2,8,4,10,3,9,2,7,5,6,10,4,9,2,8,3,10,5,7,0,8,4,10,6,7,2,9,3,8,5,7,4,6,2,10,3,8,0,7,5,10,1,9,4,8,6,2,9,5,0,8,3,10,0,9,6,7,5,10,9,2,8,4,7,0,1,9,6,8,5,10,2,7,9,4,6,10,3,8,5,9,0,6,3,8,7,4,9,10,5,6,2,8,3,10,4,9,2,7,5,3,9,2,8,6,4,10,0,9,6,8,5,10,2,7,9,1,6,10,5,8,7,9,2,10,1,8
reelStripBonus2=7,2,6,4,10,3,9,2,7,5,6,10,4,9,2,8,3,10,5,7,9,8,4,10,6,7,2,9,3,8,5,7,4,6,2,10,3,8,0,7,5,10,1,9,4,8,6,2,9,5,0,8,3,10,0,9,6,7,5,10,9,2,8,4,7,0,1,9,6,8,0,10,2,7,9,4,6,10,3,8,5,9,0,10,3,8,7,4,9,10,5,6,2,8,3,10,4,9,2,7,5,10,9,2,8,6,4,10,2,9,6,8,5,10,2,7,9,1,6,10,5,8,7,9,2,10,1,8
reelStripBonus3=7,2,6,4,10,3,9,2,7,5,6,10,4,9,2,8,3,10,5,7,9,8,4,10,6,7,2,9,3,8,5,7,4,6,2,10,3,8,0,7,5,10,1,9,0,8,6,2,9,5,7,8,3,10,0,9,6,7,5,10,9,2,8,4,7,10,1,9,6,8,0,10,2,7,9,4,6,10,0,8,5,9,0,10,3,8,7,4,9,10,5,6,2,8,3,10,4,9,2,7,5,10,9,2,8,6,4,10,2,9,6,8,5,10,2,7,9,1,6,10,5,8,7,9,2,10,1,8
reelStripBonus4=7,2,6,4,10,3,9,2,7,5,6,10,4,9,2,8,3,10,5,7,9,8,4,10,6,7,2,9,3,8,5,7,4,6,2,10,3,8,0,7,5,10,1,9,0,8,6,2,9,5,7,8,3,10,2,9,6,7,5,10,9,2,8,4,7,10,2,9,6,8,0,10,2,7,9,4,6,10,0,8,5,9,2,10,0,8,7,4,9,10,5,6,2,8,3,10,4,9,2,7,5,10,9,2,8,6,4,10,2,9,6,8,5,10,2,7,9,1,6,10,5,8,7,9,2,10,1,8
reelStripBonus5=7,2,6,4,10,3,9,2,7,5,6,10,4,9,2,8,3,10,5,7,9,8,4,10,6,7,2,9,3,8,5,7,4,6,2,10,3,8,2,7,5,10,1,9,2,8,6,2,9,5,7,8,3,10,2,9,6,7,5,10,9,2,8,4,7,0,2,9,6,8,0,10,2,7,9,4,6,10,2,8,5,9,2,10,0,8,7,4,9,10,5,6,2,8,0,10,4,9,2,7,5,10,9,2,8,6,4,10,2,9,6,8,5,10,2,7,9,1,6,10,5,8,7,9,2,10,1,8
reelStripBonus6=