reelStrip1=0,0,0, 5, 5, 4, 3, 3, 3, 1, 1, 1, 1, 2, 2, 3, 3, 6, 6,1,1,1, 5, 5, 4, 3, 3, 3, 1, 1, 1, 1, 2, 2, 3, 3, 6, 6,2,2,2,3,3,3,4,4,4, 5, 5, 4,0,0,0, 3, 3, 3, 1, 1, 1, 1, 2, 2, 3, 3, 6, 6,5,5,5,6,6,6,7,7,7,8,8,8, 5, 5, 4, 3, 3, 3,0, 1, 1, 1, 1, 2, 2, 3, 3, 6, 6,9,9,9, 5, 5, 4, 3, 3, 3,0, 1, 1, 1, 1, 2, 2,0, 3, 3, 6, 6,10,10,10,11,11,11, 5, 5, 4, 3, 3, 3, 1, 1, 1, 1, 2, 2, 3, 3, 6, 6,12,12,12,13,13,13
reelStrip2=0,0,0, 5, 5, 4, 3, 3, 3, 1, 1, 1, 1, 2, 2, 3, 3, 6, 6,1,1,1, 5, 5, 4, 3, 3, 3, 1, 1, 1, 1, 2, 2, 3, 3, 6, 6,2,2,2,3,3,3,4,4,4, 5, 5, 4,0,0,0, 3, 3, 3, 1, 1, 1, 1, 2, 2, 3, 3, 6, 6,5,5,5,6,6,6,7,7,7,8,8,8, 5, 5, 4, 3, 3, 3,0, 1, 1, 1, 1, 2, 2, 3, 3, 6, 6,9,9,9, 5, 5, 4, 3, 3, 3,0, 1, 1, 1, 1, 2, 2,0, 3, 3, 6, 6,10,10,10,11,11,11, 5, 5, 4, 3, 3, 3, 1, 1, 1, 1, 2, 2, 3, 3, 6, 6,12,12,12,13,13,13
reelStrip3=0,0,0, 5, 5, 4, 3, 3, 3, 1, 1, 1, 1, 2, 2, 3, 3, 6, 6,1,1,1, 5, 5, 4, 3, 3, 3, 1, 1, 1, 1, 2, 2, 3, 3, 6, 6,2,2,2,3,3,3,4,4,4, 5, 5, 4,0,0,0, 3, 3, 3, 1, 1, 1, 1, 2, 2, 3, 3, 6, 6,5,5,5,6,6,6,7,7,7,8,8,8, 5, 5, 4, 3, 3, 3,0, 1, 1, 1, 1, 2, 2, 3, 3, 6, 6,9,9,9, 5, 5, 4, 3, 3, 3,0, 1, 1, 1, 1, 2, 2,0, 3, 3, 6, 6,10,10,10,11,11,11, 5, 5, 4, 3, 3, 3, 1, 1, 1, 1, 2, 2, 3, 3, 6, 6,12,12,12,13,13,13
reelStrip4=
reelStrip5=
reelStrip6=
reelStripBonus1=
reelStripBonus2=
reelStripBonus3=
reelStripBonus4=
reelStripBonus5=
reelStripBonus6=