reelStrip1=5, 4, 2, 7, 9, 6, 3, 7,  1, 8, 4, 3, 5, 2, 4, 9, 2, 6,10, 1, 4, 3, 5, 6, 7, 1, 2, 3, 4, 5, 6, 8, 7, 5, 6, 7, 9,9,9, 4, 5, 6, 1, 7, 2, 4,11, 8, 3, 5, 6,  3, 7, 1, 5, 2, 4, 3, 9,9,9, 5, 7, 6, 9, 4, 7,10, 6, 2, 8, 7, 3
reelStrip2=5, 4, 2, 7, 9, 6, 3, 7, 1, 8,10, 4, 3, 5, 2, 4, 9,9,9, 2, 6, 1, 4, 3, 5, 6, 7, 1, 2, 3, 4, 5, 6, 8,10, 7, 5, 6, 7, 4, 5, 6, 1, 7, 2, 4, 8, 3, 5, 6, 3, 7, 1, 5, 2, 4, 3, 5, 7, 6, 9, 4, 7, 6, 2, 8, 7, 3
reelStrip3=5, 4, 2, 7, 9, 6, 3, 7, 1,10, 8, 4, 3, 5, 2,  4, 9, 2, 6, 1, 4, 3, 5, 6, 7, 1, 2, 3, 4, 5,10, 6, 8, 7, 5, 6, 7, 4, 5, 6, 1,10, 7, 2,11, 4, 8, 3, 9,9,9, 5, 6, 3, 7, 1, 5, 2, 4, 3, 5, 7, 6, 9,  4, 7, 6, 2, 8, 7, 3
reelStrip4=5, 4, 2, 7, 9, 6, 3, 7, 1, 8, 4, 3, 5, 2, 4, 9, 2, 6, 1, 4, 3, 5, 6, 7, 1, 2, 3, 4, 5, 6, 8, 7, 5, 9,9,9, 6, 7, 4, 5, 6, 1, 7, 2, 4, 8, 3, 5, 6, 9,9,9, 3, 7, 1, 5, 2, 4, 3, 5, 7, 6, 9, 4, 7, 6, 2, 8, 7, 3
reelStrip5=5, 4, 2, 7, 9, 6,10, 3, 7,  1, 8, 4, 9,9,9, 3, 5, 2, 4, 9, 2, 6, 1, 4, 3, 5, 6, 7, 1, 2, 3, 4, 5, 6, 8, 7, 5, 6, 7, 4,10, 5, 6, 1, 7, 2, 9,9,9, 4, 8, 3, 5, 6, 3, 7, 1, 5,10,  2, 4, 3, 5, 7, 6, 9,11, 4, 7, 6, 2, 8, 7, 3
reelStrip6=
reelStripBonus1=5, 4, 2, 7, 9, 6, 3, 7, 1, 8, 4, 3, 5, 2, 4, 9, 2, 6, 1, 4, 3, 5, 6, 7, 1, 2, 3, 4, 5, 6, 8, 7, 5, 6, 7, 4, 5, 6, 1, 7, 2, 4, 8, 3, 5, 6, 3, 7, 1, 5, 2, 4, 3, 5, 7, 6, 9, 4, 7, 6, 2, 8, 7, 3
reelStripBonus2=5, 4, 2, 7, 9, 6, 3, 7, 1, 8, 4, 3, 5, 2, 4, 9, 2, 6, 1, 4, 3, 5, 6, 7, 1, 2, 3, 4, 5, 6, 8, 7, 5, 6, 7, 4, 5, 6, 1, 7, 2, 4, 8, 3, 5, 6, 3, 7, 1, 5, 2, 4, 3, 5, 7, 6, 9, 4, 7, 6, 2, 8, 7, 3
reelStripBonus3=5, 4, 2, 7, 9, 6, 3, 7, 1, 8, 4, 3, 5, 2, 4, 9, 2, 6, 1, 4, 3, 5, 6, 7, 1, 2, 3, 4, 5, 6, 8, 7, 5, 6, 7, 4, 5, 6, 1, 7, 2, 4, 8, 3, 5, 6, 3, 7, 1, 5, 2, 4, 3, 5, 7, 6, 9, 4, 7, 6, 2, 8, 7, 3
reelStripBonus4=5, 4, 2, 7, 9, 6, 3, 7, 1, 8, 4, 3, 5, 2, 4, 9, 2, 6, 1, 4, 3, 5, 6, 7, 1, 2, 3, 4, 5, 6, 8, 7, 5, 6, 7, 4, 5, 6, 1, 7, 2, 4, 8, 3, 5, 6, 3, 7, 1, 5, 2, 4, 3, 5, 7, 6, 9, 4, 7, 6, 2, 8, 7, 3
reelStripBonus5=5, 4, 2, 7, 9, 6, 3, 7, 1, 8, 4, 3, 5, 2, 4, 9, 2, 6, 1, 4, 3, 5, 6, 7, 1, 2, 3, 4, 5, 6, 8, 7, 5, 6, 7, 4, 5, 6, 1, 7, 2, 4, 8, 3, 5, 6, 3, 7, 1, 5, 2, 4, 3, 5, 7, 6, 9, 4, 7, 6, 2, 8, 7, 3
reelStripBonus6=