reelStrip1=2,4,10,3,2,7,0,6,1,11,9,0,5,12,1,2,10,4,5,8
reelStrip2=7,8,0,11,3,2,4,6,0,5,7,0,9,1,5,0,1,2,1
reelStrip3=0,3,9,12,1,4,6,2,0,8,3,0,6,1,11,10,2,7,4,5
reelStrip4=3,6,11,1,7,0,4,8,0,2,6,5,7,3,6,1,4,10,2
reelStrip5=2,10,3,0,1,7,0,12,6,2,9,4,11,3,0,6,5,1,8,4
reelStrip6=
reelStripBonus1=0,-1,-1,0,-1,-1,0,0,0,-1,-1,-1,0,-1,-1,0,0,0,0,-1
reelStripBonus2=-1,0,0,-1,0,0,0,-1,0,-1,0,-1,0,-1,0,0,0,0,0,0
reelStripBonus3=0,0,0,0,0,-1,0,0,0,-1,0,-1,0,0,-1,-1,0,0,0,0
reelStripBonus4=-1,-1,0,0,-1,-1,0,0,0,-1,0,0,0,0,0,-1,-1,-1,-1,-1
reelStripBonus5=0,0,0,0,-1,0,0,-1,-1,0,0,-1,0,0,0,-1,0,0,-1,-1
reelStripBonus6=