reelStrip1=6,1,8,8,8,8,11,7,1,2,11,1,9,9,9,9,2,4,5,4,5,7,2,7,3,1,12,6,3,11,3,10,10,10,10,11,7,11,7,5,11,5,12,6,7,6,4,6,4,6,5,7,11,5
reelStrip2=10,10,10,10,6,3,5,2,6,8,8,8,8,6,5,6,3,1,5,7,3,11,7,6,3,7,6,4,11,9,9,9,9,1,5,4,2,11,11,1,7,12,1,2,4,7,11,8,8,8,8,5,4,1,5,11,7,11,2,1,7,6,3,11,12
reelStrip3=11,2,11,2,4,11,7,11,9,9,9,9,4,11,5,7,3,0,0,0,0,4,11,6,5,7,2,5,12,11,1,3,1,5,8,8,8,8,6,5,4,5,6,9,9,9,9,3,1,6,1,3,7,10,10,10,10,3,6,2,6,4,5,6
reelStrip4=7,3,11,5,7,6,8,8,8,8,11,2,4,11,2,4,4,2,4,12,6,2,5,2,5,11,5,10,10,10,10,7,11,3,7,1,11,1,7,1,9,9,9,9,3,2,5,6,1,7,6,10,10,10,10,11,5,3,7,2,1,7,6,3,11,12
reelStrip5=0,0,0,0,7,4,11,7,4,0,0,0,0,5,4,7,6,7,10,10,10,10,6,5,1,11,2,12,11,2,5,4,3,6,12,3,5,7,2,8,8,8,8,5,6,5,3,1,9,9,9,9,3,1,11,5
reelStrip6=
reelStripBonus1=6,1,8,8,8,8,11,7,1,2,11,1,9,9,9,9,2,4,5,4,5,7,2,7,3,1,12,6,3,11,3,10,10,10,10,11,7,11,7,5,11,5,12,6,7,6,4,6,4,6,5,7,11,5
reelStripBonus2=10,10,10,10,6,3,5,2,6,8,8,8,8,6,5,6,3,1,5,7,3,11,7,6,3,7,6,4,11,9,9,9,9,1,5,4,2,11,11,1,7,12,1,2,4,7,11,8,8,8,8,5,4,1,5,11,7,11,2,1,7,6,3,11,12
reelStripBonus3=11,2,11,2,4,11,7,11,9,9,9,9,4,11,5,7,3,0,0,0,0,4,11,6,5,7,2,5,12,11,1,3,1,5,8,8,8,8,6,5,4,5,6,9,9,9,9,3,1,6,1,3,7,10,10,10,10,3,6,2,6,4,5,6
reelStripBonus4=7,3,11,5,7,6,8,8,8,8,11,2,4,11,2,4,4,2,4,12,6,2,5,2,5,11,5,10,10,10,10,7,11,3,7,1,11,1,7,1,9,9,9,9,3,2,5,6,1,7,6,10,10,10,10,11,5,3,7,2,1,7,6,3,11,12
reelStripBonus5=0,0,0,0,7,4,11,7,4,0,0,0,0,5,4,7,6,7,10,10,10,10,6,5,1,11,2,12,11,2,5,4,3,6,12,3,5,7,2,8,8,8,8,5,6,5,3,1,9,9,9,9,3,1,11,5
reelStripBonus6=