reelStrip1=2,4,1,3,2,7,0,6,1,4,9,0,5,10,10,10,10,4,5,8,0,7,1,0,3,8,5,2,3,1
reelStrip2=2,4,1,3,2,7,0,6,1,4,9,0,5,6,1,2,10,10,10,10,9,2,9,6,4,11,0,2,0,2
reelStrip3=2,4,1,3,2,7,0,6,11,4,9,0,5,6,10,10,10,10,5,8,1,4,0,5,0,3,4,0,1,6
reelStrip4=2,4,1,3,2,7,0,6,1,4,9,0,5,6,10,10,10,10,5,7,3,6,0,8,0,5,0,2,11,1
reelStrip5=2,4,1,3,2,7,0,6,1,4,9,0,5,6,1,2,10,10,10,10,0,8,1,0,4,4,5,0,0,2
reelStrip6=
reelStripBonus1=2,4,1,3,2,7,0,6,1,4,9,0,5,10,10,10,10,4,5,8,0,7,1,0,3,8,5,2,3,1
reelStripBonus2=2,4,1,3,2,7,0,6,1,4,9,0,5,6,1,2,10,10,10,10,9,2,9,6,4,11,0,2,0,2
reelStripBonus3=2,4,1,3,2,7,0,6,11,4,9,0,5,6,10,10,10,10,5,8,1,4,0,5,0,3,4,0,1,6
reelStripBonus4=2,4,1,3,2,7,0,6,1,4,9,0,5,6,10,10,10,10,5,7,3,6,0,8,0,5,0,2,11,1
reelStripBonus5=2,4,1,3,2,7,0,6,1,4,9,0,5,6,1,2,10,10,10,10,0,8,1,0,4,4,5,0,0,2
reelStripBonus6=