reelStrip1=1,3,0,0,5,4,3,3,9,4,1,11,2,5,10,10,3,8,0,7,1,6,2,5,5,4,2,5,4,2,5
reelStrip2=4,3,2,8,1,3,2,9,7,10,10,8,3,7,11,2,3,9,9,4,0,0,5,6,8,0,3,6,4,0,0
reelStrip3=1,5,0,11,1,5,0,2,6,1,8,2,6,1,7,3,1,8,7,3,9,2,6,4,10,10,1,5,0,6
reelStrip4=6,4,2,5,1,3,11,4,8,3,6,4,7,9,5,10,10,1,5,2,7,5,0,11,2,0,3,7,2,1,4
reelStrip5=7,2,6,0,0,9,4,3,0,6,6,8,2,7,1,6,10,10,1,0,3,11,0,2,6,1,7,2,5,6,0
reelStrip6=
reelStripBonus1=5,2,4,10,10,0,9,8,1,7,2,3,0,11,1,2,4,0,5,3,10,10,0,6,9,4,0,2,2,4,0,3
reelStripBonus2=4,2,3,11,9,4,0,6,3,1,11,1,7,5,8,1,3,5,2,1,6,10,10,8,2,1,6,4,2,5,3
reelStripBonus3=1,6,9,5,1,10,10,5,7,3,8,8,7,3,2,5,0,11,4,6,5,0,4,6,1,6,11,0,0,5,2
reelStripBonus4=4,5,2,7,11,1,3,3,8,6,5,10,10,0,3,4,1,6,2,7,3,0,0,9,8,4,1,6,6,3,5
reelStripBonus5=5,2,6,4,1,3,1,10,10,7,7,2,2,4,0,11,0,6,8,3,2,1,6,2,4,0,0,9,2,4,1
reelStripBonus6=


