reelStrip1=1,0,4,3,2,6,5,3,4,7,2,3,5,4,6,2,3,6,5,3,1,0,3,1,2,0,5,2,6,2,7,4,5,7,2,5,4,1,0,2,3,5,4,6,3,2,5,3,6
reelStrip2=1,0,4,3,2,6,5,3,4,7,2,3,5,4,6,2,3,6,5,3,1,0,3,1,2,0,5,2,6,2,7,4,5,7,2,5,4,1,0,2,3,5,4,6,3,2,5,3,6
reelStrip3=1,0,4,3,2,6,5,3,4,7,2,3,5,4,6,2,3,6,5,3,1,0,3,1,2,0,5,2,6,2,7,4,5,7,2,5,4,1,0,2,3,5,4,6,3,2,5,3,6
reelStrip4=1,0,4,3,2,6,5,3,4,7,2,3,5,4,6,2,3,6,5,3,1,0,3,1,2,0,5,2,6,2,7,4,5,7,2,5,4,1,0,2,3,5,4,6,3,2,5,3,6
reelStrip5=1,0,4,3,2,6,5,3,4,7,2,3,5,4,6,2,3,6,5,3,1,0,3,1,2,0,5,2,6,2,7,4,5,7,2,5,4,1,0,2,3,5,4,6,3,2,5,3,6
reelStrip6=
reelStripBonus1=1,0,4,3,2,6,5,3,4,7,2,3,5,4,6,2,3,6,5,3,1,0,3,1,2,0,5,2,6,2,7,4,5,7,2,5,4,1,0,2,3,5,4,6,3,2,5,3,6
reelStripBonus2=1,0,4,3,2,6,5,3,4,7,2,3,5,4,6,2,3,6,5,3,1,0,3,1,2,0,5,2,6,2,7,4,5,7,2,5,4,1,0,2,3,5,4,6,3,2,5,3,6
reelStripBonus3=1,0,4,3,2,6,5,3,4,7,2,3,5,4,6,2,3,6,5,3,1,0,3,1,2,0,5,2,6,2,7,4,5,7,2,5,4,1,0,2,3,5,4,6,3,2,5,3,6
reelStripBonus4=1,0,4,3,2,6,5,3,4,7,2,3,5,4,6,2,3,6,5,3,1,0,3,1,2,0,5,2,6,2,7,4,5,7,2,5,4,1,0,2,3,5,4,6,3,2,5,3,6
reelStripBonus5=1,0,4,3,2,6,5,3,4,7,2,3,5,4,6,2,3,6,5,3,1,0,3,1,2,0,5,2,6,2,7,4,5,7,2,5,4,1,0,2,3,5,4,6,3,2,5,3,6
reelStripBonus6=