reelStrip1=1,3,5,7,9,10,2,4,6,8,11,3,6,9,2,4,5,6,3,7
reelStrip2=1,3,5,7,9,10,2,4,6,8,11,3,6,9,2,4,5,6,3,7
reelStrip3=1,3,5,7,9,10,2,4,6,8,11,3,6,9,2,4,5,6,3,7
reelStrip4=1,3,5,7,9,10,2,4,6,8,11,3,6,9,2,4,5,6,3,7
reelStrip5=1,3,5,7,9,10,2,4,6,8,11,3,6,9,2,4,5,6,3,7
reelStrip6=
reelStripBonus1=6,7,5,10,7,9,3,3,8,4,10,11,6,7,1
reelStripBonus2=9,3,5,4,8,11,7,6,8,1,10,10
reelStripBonus3=3,11,6,9,8,7,6,10,4,5,7,9,1
reelStripBonus4=8,1,5,9,3,5,7,8,10,10,11,11,6,10,4
reelStripBonus5=8,11,7,6,5,3,1,11,6,4,9,8,3,7,10,10
reelStripBonus6=