reelStrip1=7,6,5,9,5,0,6,5,4,9,7,2,2,9,7,5,1,9,8,6,0,9,8,1,1,7,8,9,10,7,6,3,3,9,4,0,4,6,2,2,8,4,7,8,3,5,8,1,7,8,3,8,6,7,4,5,2
reelStrip2=3,3,8,7,6,0,9,4,5,8,3,5,7,6,9,4,8,6,0,8,4,1,1,9,9,7,10,5,8,9,2,0,4,5,8,9,1,6,5,7,6,9,10,1,7,2,2,4,9,6,7
reelStrip3=1,1,9,7,8,0,6,7,4,9,3,9,8,4,3,3,9,7,0,8,9,2,2,5,6,7,10,6,7,8,2,0,4,6,7,6,1,7,5,3,6,4,0,4,3,5,8,1,7,4,5
reelStrip4=2,2,5,8,7,0,1,5,6,8,3,6,4,8,1,1,7,9,0,6,5,3,3,9,7,6,10,4,8,6,2,0,5,6,8,3,1,9,4,4,2,4,10,5,8,1,1,7,4,3,7
reelStrip5=8,3,7,5,8,0,9,3,2,1,0,9,2,5,9,7,6,3,3,8,0,6,7,5,4,1,3,4,10,7,1,4,2,2,4,0,4,6,4,7,1,4,6,7,1,1,2,8,6,3,2,4,1,5,1,6,5
reelStrip6=
reelStripBonus1=7,6,5,9,5,0,6,5,4,9,7,2,2,9,7,5,1,9,8,6,0,9,8,1,1,7,8,9,10,7,6,3,3,9,4,0,4,6,2,2,8,4,7,8,3,5,8,1,7,8,3,8,6,7,4,5,2
reelStripBonus2=3,3,8,7,6,0,9,4,5,8,3,3,3,5,7,6,9,4,8,6,0,8,4,1,1,9,9,7,10,5,8,9,2,2,2,0,4,5,8,9,1,1,1,6,5,7,6,9,10,1,7,2,2,4,9,6,7
reelStripBonus3=1,1,9,7,8,0,6,7,4,9,3,3,3,9,8,4,3,3,9,7,0,8,9,2,2,5,6,7,10,6,7,8,2,2,2,0,4,6,7,6,1,1,1,7,5,3,6,4,0,4,3,5,8,1,7,4,5
reelStripBonus4=2,2,5,8,7,0,1,5,6,8,3,3,3,6,4,8,1,1,7,9,0,6,5,3,3,9,7,6,10,4,8,6,2,2,2,0,5,6,8,3,1,1,1,9,4,4,2,4,10,5,8,1,1,7,4,3,7
reelStripBonus5=8,3,7,5,8,0,9,3,2,1,0,9,2,5,9,7,6,3,3,8,0,6,7,5,4,1,3,4,10,7,1,4,2,2,4,0,4,6,4,7,1,4,6,7,1,1,2,8,6,3,2,4,1,5,1,6,5
reelStripBonus6=