reelStrip1=0, 0, 0, 0, 0, 6, 6, 6, 6, 4, 4, 7, 7, 3, 3, 3, 3, 8, 5, 5, 2, 2, 2, 2, 6, 6, 6, 6, 7, 7, 7, 7, 5, 5, 5, 5, 1, 1, 1, 1, 8, 7, 7, 3, 3, 3, 3, 4, 4, 4, 4, 6, 6, 5, 5, 5, 5, 8, 7, 7, 7, 7, 5, 5, 5, 3, 3, 2, 2, 2, 2, 1, 1, 8, 4, 4, 4, 2, 2, 6, 6
reelStrip2=0, 0, 0, 0, 7, 7, 7, 7, 7, 0, 0, 4, 4, 6, 6, 6, 6, 6, 4, 4, 1, 1, 6, 6, 6, 3, 3, 3, 3, 9, 9, 9, 9, 7, 7, 7, 7, 7, 8, 5, 5, 5, 6, 6, 6, 6, 8, 7, 7, 7, 8, 4, 4, 4, 4, 1, 1, 1, 1, 6, 6, 6, 6, 2, 2, 2, 2, 8, 7, 7, 7
reelStrip3=6, 6, 6, 3, 3, 3, 3, 8, 5, 5, 5, 5, 0, 0, 0, 0, 4, 4, 5, 5, 5, 5, 0, 0, 0, 5, 5, 5, 4, 4, 4, 4, 1, 1, 1, 1, 5, 5, 5, 5, 5, 7, 7, 7, 1, 1, 1, 8, 2, 2, 2, 2, 9, 9, 9, 9, 9, 4, 4, 4, 4
reelStrip4=0, 0, 0, 0, 0, 0, 1, 1, 1, 1, 0, 0, 0, 2, 2, 2, 2, 2, 9, 9, 9, 9, 9, 7, 7, 7, 7, 7, 2, 2, 2, 2, 1, 1, 1, 1, 3, 3, 3, 3, 3, 8, 4, 4, 4, 4, 1, 1, 1, 9, 9, 9, 9, 9, 3, 3, 3, 3, 6, 6, 6, 6, 6, 4, 4, 4, 4, 4, 5, 5, 5, 5, 5
reelStrip5=0, 0, 0, 0, 5, 5, 5, 5, 7, 7, 1, 1, 1, 1, 4, 4, 4, 4, 0, 0, 0, 0, 0, 5, 5, 1, 1, 1, 1, 2, 2, 2, 2, 6, 6, 4, 4, 4, 4, 4, 0, 0, 0, 0, 0, 1, 1, 1, 1, 1, 3, 3, 3, 3, 3, 3, 6, 6, 6, 6, 7, 7, 7, 7, 8, 2, 2, 2, 2, 2, 4, 4, 3, 3, 3
reelStrip6=
reelStripBonus1=
reelStripBonus2=
reelStripBonus3=
reelStripBonus4=
reelStripBonus5=
reelStripBonus6=