reelStrip1=3, 8, 7, 3, 6, 10, 4, 9, 10, 3, 6, 7, 1, 9, 5, 4, 10, 5, 2, 7, 8, 4, 2, 6, 11, 8, 10, 2, 9, 1, 6, 5, 4
reelStrip2=6, 7, 0, 6, 7, 4, 9, 5, 2, 8, 6, 4, 9, 2, 7, 1, 5, 4, 10, 3, 8, 2, 3, 8, 1, 10, 3, 5, 1, 9, 11, 10, 3, 2
reelStrip3=5, 7, 1, 9, 10, 4, 7, 10, 2, 8, 7, 1, 10, 9, 2, 10, 5, 3, 6, 9, 4, 8, 5, 4, 6, 8, 3, 7, 6, 11
reelStrip4=8, 6, 0, 5, 9, 4, 6, 8, 1, 9, 7, 2, 5, 10, 4, 7, 3, 10, 9, 1, 6, 9, 4, 8, 11, 10, 3, 5, 2, 10, 4, 7, 3
reelStrip5=5, 7, 3, 8, 9, 2, 7, 10, 3, 8, 6, 2, 10, 8, 5, 4, 3, 9, 11, 5, 9, 4, 10, 6, 2, 10, 3, 1, 4, 9, 7, 3, 6
reelStrip6=
reelStripBonus1=
reelStripBonus2=
reelStripBonus3=
reelStripBonus4=
reelStripBonus5=
reelStripBonus6=