reelStrip1=2,4,8,3,2,7,0,6,1,9,9,0,5,10,1,2,8,4,5,8
reelStrip2=7,8,0,9,9,2,4,6,0,5,7,0,7,1,5,0,1,2,9,9
reelStrip3=0,3,7,10,1,4,6,2,0,8,3,0,6,1,9,9,2,7,4,5
reelStrip4=3,6,9,9,7,0,4,8,0,2,6,9,9,7,3,6,1,4,8,2
reelStrip5=2,8,3,0,1,7,0,10,6,2,7,4,9,9,0,6,5,1,8,4
reelStrip6=
reelStripBonus1=2,4,8,3,2,7,0,6,1,9,9,0,5,10,1,2,8,4,5,8
reelStripBonus2=7,8,0,9,9,2,4,6,0,5,7,0,7,1,5,0,1,2,9,9
reelStripBonus3=0,3,7,10,1,4,6,2,0,8,3,0,6,1,9,9,2,7,4,5
reelStripBonus4=3,6,9,9,7,0,4,8,0,2,6,9,9,7,3,6,1,4,8,2
reelStripBonus5=2,8,3,0,1,7,0,10,6,2,7,4,9,9,0,6,5,1,8,4
reelStripBonus6=