reelStrip1=11,6,6,6,10,9,8,10,10,12,10,10,10,11,11,8,10,10,8,10,4,4,4,11,9,11,11,3,3,3,8,8,10,10,10,8,12,12,10,11,8,10,10,3,3,3,8,4,4,4,11,10,8,8,9,9,11,7,7,7,8,8,9,10,11,11,11,5,5,5,9,10,5,5,5,8,8,8,11,11,10,8,9,11,11,12,12,10,11,11,8,11,10,10,5,5,5,3,3,3,11,10,11,11,11,7,7,7,11,11,11,12,12,7,7,7,8,8,8,6,6,6,10,9,9,6,6,6,9,9,10,8,12,10,11,8,11,10,8,8,10,9,8,4,4,4,8,11
reelStrip2=11,3,3,3,8,6,6,6,9,8,8,12,12,6,6,6,9,7,7,7,9,4,4,4,11,11,10,11,12,8,9,9,12,11,9,12,12,5,5,5,10,10,11,11,11,5,5,5,12,9,8,9,8,12,12,9,11,11,9,12,11,8,12,8,12,12,12,11,9,10,10,3,3,3,12,12,9,9,10,12,9,11,11,9,9,10,9,9,11,11,3,3,3,6,6,6,11,11,9,8,9,11,8,8,4,4,4,8,8,11,7,7,7,9,9,7,7,7,10,10,10,9,12,12,5,5,5,11,8,8,8,12,11,11,4,4,4,12,11,12,12,10,10,11,12,8,11,12,9
reelStrip3=11,9,4,4,4,10,6,6,6,11,10,11,11,12,9,12,8,11,11,4,4,4,9,12,5,5,5,11,10,11,9,9,9,10,10,12,12,10,10,9,11,9,0,12,3,3,3,12,10,10,9,8,8,12,12,12,9,9,11,7,7,7,9,0,9,11,12,12,8,4,4,4,8,8,11,10,8,0,11,11,9,11,9,8,9,12,0,10,10,11,12,12,3,3,3,9,9,11,0,10,9,8,9,11,9,9,8,12,8,6,6,6,3,3,3,11,8,8,9,6,6,6,10,10,9,9,11,12,0,11,12,9,8,10,12,11,8,12,12,8,9,5,5,5,11,12,12,12,12,12,12,9,11,11,12,8,8,7,7,7,12,7,7,7,11,11,11,5,5,5,9,11
reelStrip4=8,10,5,5,5,9,7,7,7,12,12,12,8,9,9,9,0,10,10,8,8,9,8,3,3,3,9,9,12,9,9,8,4,4,4,10,11,11,6,6,6,10,10,11,9,11,9,12,4,4,4,9,11,8,0,11,8,7,7,7,12,12,12,5,5,5,12,0,10,8,8,9,12,10,9,11,8,10,12,6,6,6,10,8,8,7,7,7,11,4,4,4,10,9,11,9,12,8,10,11,8,0,9,3,3,3,10,9,11,11,0,9,12,6,6,6,3,3,3,10,12,11,11,10,8,8,8,9,9,10,0,11,11,8,10,10,8,11,8,9,10,12,12,9,10,9,9,5,5,5,11,8,9,10,10
reelStrip5=12,10,4,4,4,11,8,12,12,9,8,10,8,9,9,3,3,3,8,8,12,9,11,9,3,3,3,9,11,9,12,4,4,4,12,12,5,5,5,11,0,9,9,7,7,7,9,9,0,11,11,0,12,9,11,8,9,10,8,7,7,7,8,3,3,3,12,9,9,6,6,6,12,9,8,8,12,12,12,8,11,10,9,11,11,8,9,10,10,0,12,8,10,8,12,10,11,5,5,5,12,10,10,12,12,8,10,12,9,11,9,8,11,10,8,10,8,8,10,10,11,12,9,12,11,11,10,10,9,6,6,6,9,6,6,6,10,8,9,7,7,7,12,10,10,5,5,5,12,12,11,11,8,8,11,11,11,8,4,4,4,11,10,11,8,8,12,12,10,9,12,10,11,8,11,9,11,11,0,12,10,11
reelStrip6=
reelStripBonus1=8,10,9,9,12,12,12,12,4,8,9,8,8,7,8,8,5,5,5,8,4,10,6,6,6,10,10,10,8,8,10,10,9,9,8,6,11,11,12,8,10,5,10,10,10,8,12,12,8,8,6,8,8,8,8,10,10,11,3,3,3,4,10,10,6,8,11,11,10,8,10,8,8,10,10,10,9,8,4,12,8,10,10,9,10,8,10,10,10,8,7,11,10,5,11,11,11,10,9,7,10,8,8,8,11,11,11,7,7,7,8,12,10,7,8,12,6,8,9,11,10,8,9,9,8,5,12,10,11,5,9,9,10,12,11,11,10,10,10,9,8,8,10,8,8,10,4,4,4,10,12,12,9,9,8,12,12,8,10
reelStripBonus2=7,9,10,9,9,9,12,12,9,11,11,12,12,9,10,5,8,8,10,11,4,11,11,11,12,12,11,11,6,9,9,9,11,11,9,9,8,8,9,5,5,5,12,9,9,12,11,11,6,10,10,9,10,10,12,11,5,9,9,9,7,12,9,3,3,3,6,11,9,4,11,10,10,9,8,9,9,11,8,8,6,6,6,12,11,11,7,8,9,7,10,10,9,9,12,9,6,11,8,8,8,11,11,10,10,11,9,9,9,11,9,5,11,11,11,11,11,11,11,11,8,9,11,11,11,8,12,12,8,8,9,10,11,11,10,5,9,9,4,9,9,11,9,7,7,7,8,11,4,12,12,10,11,9,4,4,4,11,9
reelStripBonus3=7,8,10,8,9,9,12,12,8,11,11,12,12,8,10,5,8,8,10,12,4,12,11,11,12,12,12,12,6,9,8,8,11,12,8,9,8,8,8,5,5,5,12,9,9,12,12,11,6,10,10,8,10,10,12,12,5,9,8,8,7,12,8,3,3,3,6,12,8,4,12,10,10,9,8,9,9,12,8,8,6,6,6,12,11,11,7,8,8,7,10,10,9,9,12,8,6,12,8,8,8,12,12,10,10,12,8,8,9,12,8,5,11,12,11,11,11,11,11,11,8,8,12,12,12,8,12,12,8,8,8,10,12,12,10,5,9,9,4,8,8,12,8,7,7,7,8,12,4,12,12,10,12,8,4,4,4,11,9
reelStripBonus4=12,11,9,11,9,12,12,6,6,6,8,12,9,9,10,12,12,12,10,12,12,12,4,9,9,11,11,11,10,9,9,12,5,5,5,12,9,8,9,12,9,12,3,3,3,12,12,9,7,12,11,11,11,9,9,9,6,9,9,9,10,10,12,8,9,9,8,9,9,9,12,12,11,11,12,9,9,8,10,10,12,9,8,8,12,12,12,12,10,11,9,12,12,11,10,12,9,9,12,8,8,8,8,9,12,9,10,10,9,8,8,9,12,12,7,12,9,12,9,11,11,9,9,10,12,8,9,5,9,7,7,7,10,10,11,11,6,9,12,5,10,10,4,4,4,12,4,12,12,8,8
reelStripBonus5=10,12,12,10,11,11,9,10,9,9,12,12,8,8,9,11,10,7,7,7,11,10,11,7,9,11,12,11,6,6,6,12,12,8,10,10,5,12,12,3,3,3,10,10,9,9,11,12,12,11,10,10,10,11,11,11,10,12,12,11,9,11,12,8,8,10,8,9,10,11,10,8,8,10,8,11,10,10,10,11,10,10,11,8,10,10,10,10,10,10,12,4,4,4,11,10,10,11,8,11,9,9,11,11,8,11,10,11,11,9,10,4,11,8,8,11,10,10,10,9,9,10,8,8,9,9,11,11,10,12,6,10,11,11,11,11,11,11,11,11,11,5,5,5,10,11,10,8,12,12,8,10,10,8,10,9,9,12,12,8,8,8,10,10,7,7,7,10,9,10,7,8,10,12,10,6,6,6,12,12,8,8,8,5,12,12,3,3,3,10,10,9,9,11,12,12,10,8,8,8,10,11,11,8,12,12,11,8,10,12,8,8,8,8,8,10,10,9,8,8,8,8,10,10,10,9,10,9,8,10,8,8,10,10,10,10,8,12,4,4,4,11,10,8,10,8,10,9,9,11,11,8,10,8,11,11,8,10,4,10,8,8,11,10,10,8,9,9,10,8,8,9,9,11,11,9,12,6,8,10,10,11,11,11,11,10,10,10,5,5,5,9,10,8,12,10,10,12,9,12,12,12,7,7,7,9,9,9,8,9,11,11,4,11,12,12,9,8,10,10,11,11,9,8,9,9,12,9,9,5,12,9,9,8,12,7,12,7,9,11,11,11,10,12,9,12,12,9,9,12,11,11,12,12,5,11,11,12,9,10,6,6,6,8,8,11,9,12,8,8,4,12,12,12,12,9,12,4,4,4,9,9,9,10,9,10,12,12,9,12,3,3,3,10,10,9,9,12,12,9,10,6,12,8,8,8,10,9,8,8,8,9,9,9,10,10,12,12,12,9,11,11,5,5,5,11,12,10,10,12,9,9,6,8,8
reelStripBonus6=8,12,12,8,10,10,8,10,9,9,12,12,8,8,8,10,10,7,7,7,10,9,10,7,8,10,12,10,6,6,6,12,12,8,8,8,5,12,12,3,3,3,10,10,9,9,11,12,12,10,8,8,8,10,11,11,8,12,12,11,8,10,12,8,8,8,8,8,10,10,9,8,8,8,8,10,10,10,9,10,9,8,10,8,8,10,10,10,10,8,12,4,4,4,11,10,8,10,8,10,9,9,11,11,8,10,8,11,11,8,10,4,10,8,8,11,10,10,8,9,9,10,8,8,9,9,11,11,9,12,6,8,10,10,11,11,11,11,10,10,10,5,5,5,9,10,8
reelStripBonus7=8,12,12,8,10,10,8,10,9,9,12,12,8,8,8,10,10,7,7,7,10,9,10,7,8,10,12,10,6,6,6,12,12,8,8,8,5,12,12,3,3,3,10,10,9,9,11,12,12,10,8,8,8,10,11,11,8,12,12,11,8,10,12,8,8,8,8,8,10,10,9,8,8,8,8,10,10,10,9,10,9,8,10,8,8,10,10,10,10,8,12,4,4,4,11,10,8,10,8,10,9,9,11,11,8,10,8,11,11,8,10,4,10,8,8,11,10,10,8,9,9,10,8,8,9,9,11,11,9,12,6,8,10,10,11,11,11,11,10,10,10,5,5,5,9,10,8