reelStrip1=10,6,8,9,4,7,5,10,6,9,7,5,8,2,10,3,8,7,9,6,11,10,5,9,7,4,8,6,10,5,8,10,7,9,10,5,8,7,9,6,10,4,7,11,9,5,8,10,6,9,7,3,8,1,10,6,2,8,7,9,6,10,7,4,6,9,8,5,10,3,9,7,8,10,5,9,2,8,9,3,1,6,10,5,8,7,9,4,7,6,11,10,8,7,9,6,10,5,9,3
reelStrip2=10,6,8,9,4,7,5,10,6,9,7,0,8,2,10,3,8,7,9,6,11,10,5,9,7,4,8,6,10,5,8,0,7,9,10,5,8,7,9,6,10,4,7,11,9,5,8,10,6,9,7,3,8,1,10,6,2,8,7,9,6,10,7,4,6,9,8,5,10,3,9,7,8,0,5,10,2,8,9,3,1,6,10,5,8,7,9,4,7,6,11,10,8,7,9,6,10,5,9,3
reelStrip3=10,6,1,2,4,7,5,10,6,9,7,0,8,2,10,3,8,5,9,6,11,10,5,9,7,4,8,6,2,3,8,0,5,9,10,1,4,7,2,6,10,4,7,11,9,5,8,10,6,9,7,3,8,1,10,6,2,8,7,4,6,3,7,4,6,9,8,5,10,3,9,7,8,0,5,10,2,8,9,3,1,6,10,5,8,7,9,4,7,6,11,10,5,3,9,6,10,5,9,3
reelStrip4=10,6,8,9,4,7,5,10,6,9,7,0,8,2,10,3,8,7,9,6,11,10,5,9,7,4,8,6,10,5,8,0,7,9,10,5,8,7,9,6,10,4,7,11,9,5,8,10,6,9,7,3,8,1,10,6,2,8,7,9,6,10,7,4,6,9,8,5,10,3,9,7,8,0,5,10,2,8,9,3,1,6,10,5,8,7,9,4,7,6,11,10,8,7,9,6,10,5,9,3
reelStrip5=10,6,8,9,4,7,5,10,6,9,7,5,8,2,10,3,8,7,9,6,11,10,5,9,7,4,8,6,10,5,8,10,7,9,10,5,8,7,9,6,10,4,7,11,9,5,8,10,6,9,7,3,8,1,10,6,2,8,7,9,6,10,7,4,6,9,8,5,10,3,9,7,8,10,5,9,2,8,9,3,1,6,10,5,8,7,9,4,7,6,11,10,8,7,9,6,10,5,9,3
reelStrip6=
reelStripBonus1=
reelStripBonus2=
reelStripBonus3=
reelStripBonus4=
reelStripBonus5=
reelStripBonus6=