reelStrip1=9,9,9,9,2,2,2,2,1,8,8,8,8,3,3,3,3,4,4,4,4,2,2,2,2,3,3,3,3,3,7,7,7,7,1,4,4,4,4,7,7,7,7,4,4,4,4,6,6,6,6,5,5,5,5,6,6,6,6,5,5,5,5,1
reelStrip2=2,2,2,2,9,9,9,9,2,2,2,2,1,8,8,8,8,10,10,10,10,3,3,3,3,7,7,7,7,3,3,3,3,1,4,4,4,4,1,7,7,7,7,10,10,10,10,6,6,6,6,5,5,5,5,6,6,6,6,5,5,5,5,1
reelStrip3=2,2,2,2,9,9,9,9,2,2,2,2,8,8,8,8,10,10,10,10,3,3,3,3,1,7,7,7,7,5,5,5,5,3,3,3,3,1,7,7,7,7,1,4,4,4,4,6,6,6,6,4,4,4,4,6,6,6,6,5,5,5,5,5
reelStrip4=9,9,9,9,2,2,3,2,2,2,2,4,8,8,8,8,8,8,10,10,10,10,10,10,10,3,3,3,3,3,7,7,7,7,7,7,7,7,1,4,4,4,4,4,4,4,4,6,6,6,6,6,6,6,6,5,5,5,5,5,5,5,5,5
reelStrip5=9,9,9,9,2,4,2,2,2,2,2,2,2,2,8,8,8,8,8,8,3,3,3,3,3,3,3,4,3,7,7,7,7,7,7,7,7,1,4,4,4,4,4,4,4,4,4,6,6,6,6,6,6,6,6,5,5,5,5,5,5,5,5,5
reelStrip6=
reelStripBonus1=
reelStripBonus2=
reelStripBonus3=
reelStripBonus4=
reelStripBonus5=
reelStripBonus6=