reelStrip1=1,1,5,10,2,2,8,8,7,0,10,5,4,4,3,3,10,6,6,6
reelStrip2=8,2,2,10,1,7,7,3,10,4,1,9,9,9,0,3,10,5,6,1
reelStrip3=7,7,9,8,1,1,4,10,2,6,9,9,6,2,3,3,10,5,5,0
reelStrip4=5,5,3,3,4,9,0,9,2,2,4,1,1,7,4,2,8,3,6,6
reelStrip5=8,4,2,3,0,6,2,8,4,6,6,5,7,7,9,9,8,3,1,1
reelStrip6=
reelStripBonus1=4,4,5,10,0,2,8,8,7,0,10,5,6,6,3,3,10,1,1,2
reelStripBonus2=9,9,4,7,7,0,5,10,3,1,8,9,2,6,10,6,6,5,8,8
reelStripBonus3=7,7,10,6,1,5,5,10,2,6,9,9,0,2,9,3,3,8,8,4
reelStripBonus4=5,5,3,2,9,9,6,3,3,9,4,0,7,7,4,8,1,1,4,4
reelStripBonus5=8,4,2,2,6,6,9,8,4,3,3,5,7,1,9,9,8,8,4,0
reelStripBonus6=