reelStrip1=2,3,5,4,7,8,9,1,13,12,5,6,10,8,11,13,3,12,1,4,3,6,10,12,11,13,2,4,5,7,8,3,11,10,12,9,13,8,6,4,2,5,10,1,12,13
reelStrip2=2,3,5,4,7,8,9,1,13,12,5,6,10,8,11,13,3,12,1,4,3,6,10,12,11,13,2,4,5,7,8,3,11,10,12,9,13,8,6,4,2,5,10,1,12,13
reelStrip3=2,3,5,4,7,8,9,1,13,12,5,6,10,8,11,13,3,12,1,4,3,6,10,12,11,13,2,4,5,7,8,3,11,10,12,9,13,8,6,4,2,5,10,1,12,13
reelStrip4=2,3,5,4,7,8,9,1,13,12,5,6,10,8,11,13,3,12,1,4,3,6,10,12,11,13,2,4,5,7,8,3,11,10,12,9,13,8,6,4,2,5,10,1,12,13
reelStrip5=2,3,5,4,7,8,9,1,13,12,5,6,10,8,11,13,3,12,1,4,3,6,10,12,11,13,2,4,5,7,8,3,11,10,12,9,13,8,6,4,2,5,10,1,12,13
reelStrip6=
reelStripBonus1=2,3,5,4,7,8,9,1,13,12,5,6,10,8,11,13,3,12,1,4,3,6,10,12,11,13,2,4,5,7,8,3,11,10,12,9,13,8,6,4,2,5,10,1,12,13
reelStripBonus2=2,3,5,4,7,8,9,1,13,12,5,6,10,8,11,13,3,12,1,4,3,6,10,12,11,13,2,4,5,7,8,3,11,10,12,9,13,8,6,4,2,5,10,1,12,13
reelStripBonus3=2,3,5,4,7,8,9,1,13,12,5,6,10,8,11,13,3,12,1,4,3,6,10,12,11,13,2,4,5,7,8,3,11,10,12,9,13,8,6,4,2,5,10,1,12,13
reelStripBonus4=2,3,5,4,7,8,9,1,13,12,5,6,10,8,11,13,3,12,1,4,3,6,10,12,11,13,2,4,5,7,8,3,11,10,12,9,13,8,6,4,2,5,10,1,12,13
reelStripBonus5=2,3,5,4,7,8,9,1,13,12,5,6,10,8,11,13,3,12,1,4,3,6,10,12,11,13,2,4,5,7,8,3,11,10,12,9,13,8,6,4,2,5,10,1,12,13
reelStripBonus6=