reelStrip1=2,6,2,2,0,6,1,6,5,3,5,3,4,5,6,4,6,1,6,2,6,5,6,5,6,2,6,4,6,3,0,3,6,2,6,2,6,3,6,3,6,3,6,2,6,5,6,4,6,5,4,6,4,3,4,6,1,5,2,4,6,4,6,1
reelStrip2=4,0,2,4,2,3,1,2,3,5,6,5,6,5,5,3,6,3,6,3,6,2,6,4,5,4,6,2,6,1,6,5,4,5,1,6,4,6,4,5,6,5,3,0,3,2,1,3,5,6,4,1,3,1,6,3,4,6,1,6,2,6,0,6
reelStrip3=6,1,6,5,6,3,6,2,5,2,3,6,1,6,2,6,3,6,5,2,1,6,5,6,1,3,6,2,2,6,5,2,3,2,6,2,6,1,6,3,6,0,3,4,6,4,1,4,6,4,0,4,4,4,6,5,3,5,6,1,4,6,4,1
reelStrip4=
reelStrip5=
reelStrip6=
reelStripBonus1=
reelStripBonus2=
reelStripBonus3=
reelStripBonus4=
reelStripBonus5=
reelStripBonus6=