reelStrip1=3,8,2,11,3,9,7,6,5,2,9,6,7,8,3,9,0,0,0,0,2,7,1,1,1,1,6,12,7,8,5,9,10,8,4,10,5,11,4,10,11,8,4,10,2,11,4,9,10,6,11,9,5,6,2,9,5,8,11,7,10,3,10,7,11
reelStrip2=11,6,3,9,7,11,9,4,8,9,10,11,7,6,9,12,8,4,6,7,3,2,3,5,8,0,0,0,0,7,6,1,1,1,1,10,5,8,2,4,3,10,5,8,11,9,4,3,5,8,10,6,12,9,11,10,2,7,5,4,3,3,10,7,8
reelStrip3=6,10,4,8,9,12,5,9,5,8,7,4,9,8,0,0,0,0,10,6,1,1,1,1,11,9,5,2,9,4,6,2,2,11,6,9,7,9,10,7,5,2,3,8,4,7,6,3,8,10,5,11,8,4,6,10,3,8,7,10,3,3,7,3,2
reelStrip4=9,6,8,11,8,9,5,8,4,2,9,0,0,0,0,3,6,1,1,1,1,10,2,11,3,10,5,9,12,8,7,9,10,3,7,5,11,6,4,7,6,4,7,8,9,12,8,7,4,6,2,10,3,6,5,10,2,8,4,10,3,7,5,9,3
reelStrip5=12,8,4,9,10,9,5,6,9,8,3,7,10,2,2,9,0,0,0,0,7,6,1,1,11,1,10,4,2,2,6,9,7,5,1,3,8,5,3,2,3,7,5,3,9,2,6,12,8,4,9,6,8,5,10,2,7,5,11,4,8,3,4,9,5
reelStrip6=
reelStripBonus1=3,8,2,11,3,9,7,6,5,2,9,6,7,8,3,9,0,0,0,0,2,7,1,1,1,1,6,12,7,8,5,9,10,8,4,10,5,11,4,10,11,8,4,10,2,11,4,9,10,6,11,9,5,6,2,9,5,8,11,7,10,3,10,7,11
reelStripBonus2=11,6,3,9,7,11,9,4,8,9,10,11,7,6,9,12,8,4,6,7,3,2,3,5,8,0,0,0,0,7,6,1,1,1,1,10,5,8,2,4,3,10,5,8,11,9,4,3,5,8,10,6,12,9,11,10,2,7,5,4,3,3,10,7,8
reelStripBonus3=6,10,4,8,9,12,5,9,5,8,7,4,9,8,0,0,0,0,10,6,1,1,1,1,11,9,5,2,9,4,6,2,2,11,6,9,7,9,10,7,5,2,3,8,4,7,6,3,8,10,5,11,8,4,6,10,3,8,7,10,3,3,7,3,2
reelStripBonus4=9,6,8,11,8,9,5,8,4,2,9,0,0,0,0,3,6,1,1,1,1,10,2,11,3,10,5,9,12,8,7,9,10,3,7,5,11,6,4,7,6,4,7,8,9,12,8,7,4,6,2,10,3,6,5,10,2,8,4,10,3,7,5,9,3
reelStripBonus5=12,8,4,9,10,9,5,6,9,8,3,7,10,2,2,9,0,0,0,0,7,6,1,1,11,1,10,4,2,2,6,9,7,5,1,3,8,5,3,2,3,7,5,3,9,2,6,12,8,4,9,6,8,5,10,2,7,5,11,4,8,3,4,9,5
reelStripBonus6=