reelStrip1=3,2,8,1,4,0,6,1,2,7,0,1,4,9,2,3,5,0,1,6
reelStrip2=7,2,5,0,1,9,2,0,4,3,9,4,3,2,6,1,4,0,5,2
reelStrip3=1,8,2,5,4,6,0,1,5,2,6,4,7,0,4,5,9,3,6
reelStrip4=3,9,4,3,0,8,1,5,2,6,0,3,1,8,2,5,0,6,1,2
reelStrip5=6,3,5,0,6,4,1,3,2,6,0,7,9,3,4,1,8,4,2,7
reelStrip6=
reelStripBonus1=3,2,8,1,4,0,6,1,2,7,0,1,4,9,2,3,5,0,1,6
reelStripBonus2=7,2,5,0,1,9,2,0,4,3,9,4,3,2,6,1,4,0,5,2
reelStripBonus3=1,8,2,5,4,6,0,10,1,5,2,6,4,7,0,4,5,9,3,6
reelStripBonus4=3,9,4,3,0,8,1,5,2,6,0,3,1,8,2,5,0,6,1,2
reelStripBonus5=6,3,5,0,6,4,1,3,2,6,0,7,9,3,4,1,8,4,2,7
reelStripBonus6=