reelStrip1=6,7,11,3,9,8,4,11,9,10,5,8,6,1,8,6,7,11,9,10,7,8,6,7,11,2,10,5,9,10,5,8,10,7,11,4,11,9,10,7,11,9,10,8,12
reelStrip2=10,9,8,7,11,1,7,10,9,8,10,6,11,5,8,0,10,4,8,11,9,6,11,5,9,8,2,9,12,11,7,4,10,9,8,3,11,10,5,6,10,9,11,7,8
reelStrip3=8,7,10,3,11,6,5,9,11,1,10,8,7,10,5,11,4,9,0,7,3,10,11,6,12,9,11,10,11,8,12,10,8,6,8,2,9,11,4,9,7,9,10,8,6
reelStrip4=1,8,9,10,3,8,11,5,9,10,4,8,11,2,7,6,5,9,11,2,7,0,8,3,9,10,6,7,3,8,11,1,8,12,9,4,2,7,4,6,5,9,11,10,11
reelStrip5=8,9,1,7,3,2,11,7,9,7,3,10,8,3,6,10,5,8,4,9,2,11,1,6,0,9,2,11,7,12,8,4,6,10,4,9,7,12,10,8,5,11,6,9,5
reelStrip6=
reelStripBonus1=6,7,11,3,9,8,4,11,9,10,5,8,6,1,8,6,7,11,9,10,7,8,6,7,11,2,10,5,9,10,5,8,10,7,11,4,11,9,10,7,11,9,10,8,12
reelStripBonus2=10,9,8,7,11,1,7,10,9,8,10,6,11,5,8,0,10,4,8,11,9,6,11,5,9,8,2,9,12,11,7,4,10,9,8,3,11,10,5,6,10,9,11,7,8
reelStripBonus3=8,7,10,3,11,6,5,9,11,1,10,8,7,10,5,11,4,9,0,7,3,10,11,6,12,9,11,10,11,8,12,10,8,6,8,2,9,11,4,9,7,9,10,8,6
reelStripBonus4=1,8,9,10,3,8,11,5,9,10,4,8,11,2,7,6,5,9,11,2,7,0,8,3,9,10,6,7,3,8,11,1,8,12,9,4,2,7,4,6,5,9,11,10,11
reelStripBonus5=8,9,1,7,3,2,11,7,9,7,3,10,8,3,6,10,5,8,4,9,2,11,1,6,0,9,2,11,7,12,8,4,6,10,4,9,7,12,10,8,5,11,6,9,5
reelStripBonus6=