reelStrip1=5,5,5,1,3,3,6,8,8,8,5,5,5,5,6,11,0,10,10,5,8,7,7,7,9,3,4,4,8,11,11,11,10,9,9,3,3,3,3,11,11,0,9,9,7,11,11,11,11,10,3,9,9,7,7,8,11,4,9,9,9,4,4,4,4,6,6,8,8,7,5,5,10,9,9,9,9,11,4,4,10,10,10,6,7,7,8,8,6,11,11,7,7,7,7,9,4,10,10,6,6,3,3,10,10,10,10,8,8,6,6,6,3,11,11,8,5,6,6,6,6,1,7,7,10,0,9,4,8,8,8,4,4,10,7,5,5,8,10,7,11,9
reelStrip2=11,11,7,4,4,4,4,10,6,6,6,9,9,5,11,7,3,5,6,7,8,8,8,6,6,11,8,8,5,9,10,10,7,7,7,7,11,11,11,11,1,8,8,4,9,11,5,5,9,6,10,10,4,4,9,7,10,4,4,9,3,7,7,11,5,10,10,4,11,6,6,3,3,3,3,11,11,11,3,9,5,5,5,5,4,10,10,10,10,8,8,8,10,10,10,9,9,3,3,11,7,7,9,9,6,6,6,6,7,8,8,9,11,4,4,5,1,10,6,7,8,8,8,8,5,5,11,9,9,9,9,8,7,11,3,3,7,5,10,6
reelStrip3=10,10,5,8,8,0,11,11,9,9,9,4,7,7,11,11,11,11,9,9,4,4,4,4,6,6,7,5,9,11,1,10,4,4,3,9,9,9,9,8,6,5,5,5,10,7,7,7,9,3,3,3,3,9,9,7,7,11,11,6,4,8,8,10,10,7,7,7,7,8,6,5,5,5,5,11,3,8,8,8,0,10,10,3,3,5,5,10,8,8,3,3,6,9,9,9,0,10,10,10,6,6,6,10,10,10,10,11,11,4,4,6,6,6,6,11,0,10,8,7,3,9,4,7,5,5,8,11,11,11,0,8,8,8,8,4,6,7,11
reelStrip4=8,8,8,5,5,5,5,10,4,4,1,9,3,3,11,11,9,9,9,9,6,10,10,10,10,4,4,7,7,7,10,10,7,7,11,11,11,11,5,5,7,3,3,4,8,8,6,6,6,6,1,11,7,9,9,8,7,7,5,5,5,6,9,9,9,8,8,8,8,11,11,4,7,7,7,7,6,10,3,4,4,9,9,8,10,10,1,11,11,11,8,8,6,3,10,10,10,11,4,4,4,4,8,3,3,3,3,5,5,10,6,6,5,9,9,11,6,6,6,5,1,3
reelStrip5=3,5,5,8,8,8,8,0,10,10,10,9,9,0,8,8,8,6,6,4,7,7,7,1,3,11,11,11,0,8,10,10,10,10,3,3,3,3,6,9,9,9,5,5,3,3,9,6,6,6,6,8,8,9,0,11,11,7,7,7,7,11,11,6,6,5,5,5,1,4,4,5,9,9,3,7,4,1,10,10,5,5,5,5,4,11,0,10,10,4,7,7,6,4,11,0,8,8,8,11,4,4,4,4,7,7,10,0,9,9,8,8,3,9,9,9,9,5,3,3,11,11,11,11,6,6,6,10,10,0,11,7,7,1,10,4
reelStrip6=
reelStripBonus1=5,5,5,1,3,3,6,8,8,8,5,5,5,5,6,11,10,10,5,8,7,7,7,9,3,4,4,8,11,11,11,10,9,9,3,3,3,3,11,11,0,9,9,7,11,11,11,11,10,3,9,9,7,7,8,11,4,9,9,9,4,4,4,4,6,6,8,8,7,5,5,10,9,9,9,9,11,4,4,10,10,10,6,7,7,8,8,6,11,11,7,7,7,7,9,4,10,10,6,6,3,3,10,10,10,10,8,8,6,6,6,3,11,11,8,5,6,6,6,6,1,7,7,10,9,4,8,8,8,4,4,10,7,5,5,8,10,7,11,9
reelStripBonus2=11,11,7,4,4,4,4,6,6,6,9,9,5,11,7,3,5,6,7,8,8,8,6,6,8,8,5,9,10,10,7,7,7,7,11,11,11,11,2,8,8,4,9,11,5,5,9,6,10,10,4,4,9,7,10,10,4,4,9,3,7,7,11,5,10,10,4,11,6,6,3,3,3,3,11,11,11,1,3,9,5,5,5,5,4,10,10,10,10,2,8,8,8,10,10,10,9,9,3,3,11,7,7,9,9,6,6,6,6,7,8,8,9,11,4,4,5,1,10,6,7,8,8,8,8,5,5,11,9,9,9,9,2,8,7,11,3,3,7,5,9,10,6
reelStripBonus3=10,10,5,8,8,0,11,11,9,9,9,4,7,7,11,11,11,11,9,9,4,4,4,4,6,6,7,5,9,11,1,10,4,4,3,9,9,9,9,8,6,5,5,5,10,7,7,7,9,3,3,3,3,10,10,7,7,11,11,6,4,8,8,10,10,7,7,7,7,8,6,5,5,5,5,11,3,8,8,8,9,9,3,3,5,5,10,8,8,3,3,6,9,9,9,10,10,10,6,6,6,10,10,10,10,11,11,4,4,6,6,6,6,11,10,8,7,3,9,4,7,5,5,8,11,11,11,8,8,8,8,4,6,7,11
reelStripBonus4=8,8,8,5,5,5,5,10,4,4,9,1,3,3,11,11,9,9,9,9,6,10,10,10,10,4,4,7,7,7,10,10,7,7,11,11,11,11,5,5,7,3,3,4,8,8,6,6,6,6,1,11,7,9,9,8,7,7,5,5,5,6,9,9,9,8,8,8,8,11,11,4,7,7,7,7,6,10,3,4,4,9,9,8,10,10,1,11,11,11,8,8,6,3,10,10,10,11,4,4,4,4,8,3,3,3,3,5,5,10,6,6,5,9,9,11,6,6,6,5,1,3
reelStripBonus5=3,5,5,8,8,8,8,0,10,10,10,9,9,20,8,8,8,6,6,4,7,7,7,1,3,11,11,11,8,10,10,10,10,3,3,3,3,6,9,9,9,5,5,3,3,9,6,6,6,6,8,8,9,11,11,7,7,7,7,11,11,6,6,5,5,5,1,4,4,5,9,9,1,3,7,4,10,10,5,5,5,5,4,11,10,10,4,7,7,6,4,11,8,8,8,20,11,4,4,4,4,7,7,10,9,9,8,8,3,9,9,9,9,5,3,3,11,11,11,11,6,6,6,10,10,20,11,7,7,1,10,4
reelStripBonus6=