reelStrip1=6, 10, 11, 17, 9, 16, 11, 9, 10, 11, 9, 15, 7, 9, 10, 11, 10, 13, 9, 7, 9, 14, 11, 17, 11, 5, 8, 9, 11, 3, 9, 3, 4, 9, 11, 8, 1, 10, 9, 11, 16, 8, 9, 11, 10, 9, 11, 8, 3, 11, 5, 9, 6, 11, 9, 15, 11, 7, 11, 9, 9, 0, 6, 11, 8, 9, 11, 10,4, 14, 8, 9
reelStrip2=9, 5, 17, 11, 10, 9, 11, 10, 3, 8, 12, 9, 8, 4, 17, 8, 10, 11, 9, 11, 1, 10, 11, 8, 10, 13, 8, 10, 9, 8, 11, 15, 9, 8, 11, 10, 9, 8, 10, 11, 9, 4, 8, 7, 6, 9, 11, 10, 9, 14, 11, 9, 0, 10, 16, 8, 11, 11, 10, 9, 11, 0, 10, 8, 5, 8, 9, 10, 9, 3, 11, 15, 7, 8, 9, 11
reelStrip3=8, 13, 16, 15, 10, 16, 10, 8, 17, 11, 15, 8, 15, 10, 12, 3, 16, 8, 14, 8, 3, 1, 13, 9, 16, 0, 14, 13, 8, 15, 11, 9, 10, 14, 17, 10, 14, 17, 13, 10, 11, 17, 1, 10, 0, 5, 13, 10, 8, 4, 11, 15, 16, 8, 17, 14, 8, 7, 6, 10, 16, 13, 9, 8, 14, 9, 17, 10
reelStrip4=4, 8, 14, 9, 5, 16, 17, 8, 1, 15, 3, 11, 15, 14, 9, 10, 8, 17, 16, 4, 3, 10, 9, 11, 16, 8, 6, 9, 3, 6, 17, 0, 7, 15, 14, 10, 17, 16, 7, 8, 4, 13, 11, 7, 3, 12, 14, 1, 10, 15, 14, 10, 4, 15, 13, 6, 1, 16, 14, 16, 3, 9, 0, 11, 6, 4, 15, 17,8, 6, 5, 10, 8, 17, 11, 17, 8, 13, 7, 10, 5, 1, 13, 5, 13, 7, 5, 13, 10
reelStrip5=1, 5, 9, 6, 3, 14, 1, 11, 15, 11, 3, 1, 7, 11, 10, 1, 15, 16, 3, 1, 9, 8, 4, 13, 17, 1, 13, 17, 1, 4, 6, 9, 1, 11, 15, 10, 1, 8, 17, 13, 1, 8, 14, 1, 4, 7, 1, 9, 6, 15, 1, 10, 17, 1, 16, 1, 16, 5, 4, 1, 4, 5, 14, 0, 14, 3, 16, 1, 10, 7, 1, 6, 9, 13, 7, 1, 8, 5
reelStrip6=
reelStripBonus1=6, 8, 11, 10, 4, 9, 16, 11, 8, 10, 11, 9, 14, 8, 9, 15, 7, 10, 13, 10, 5, 8, 14, 17, 11, 5, 8, 9, 10, 3, 11, 3, 4, 9, 11, 16, 11, 8, 1, 1, 1, 10, 9, 9, 10, 8, 9, 11, 10, 11, 8, 3, 6, 11, 9, 15, 11, 8, 10, 7, 11, 9, 9, 0, 6, 9, 8, 9, 11, 10, 17, 7, 9, 11
reelStripBonus2=9, 8, 17, 7, 10, 10, 11, 15, 9, 11, 12, 9, 8, 4, 10, 11, 17, 8, 9, 10, 11, 1, 1, 1, 10, 11, 8, 15, 9, 8, 13, 10, 9, 8, 11, 11, 10, 8, 7, 6, 9, 4, 8, 11, 10, 9, 14, 11, 9, 0, 10, 11, 3, 16, 8, 8, 10, 9, 11, 11, 0, 10, 8, 9, 10, 8, 9, 8, 5, 10, 3, 11, 8, 9, 8, 5, 10, 10
reelStripBonus3=8, 16, 13, 11, 0, 10, 9, 9, 15, 17, 11, 11, 12, 3, 7, 14, 6, 10, 16, 8, 8, 3, 1, 1, 1, 13, 9, 16, 0, 15, 11, 15, 11, 14, 17, 13, 10, 10, 14, 9, 10, 17, 11, 17, 1, 1, 1, 14, 13, 15, 9, 17, 5, 9, 4, 11, 8, 10, 14, 8, 9, 13, 10, 17, 16, 13, 9, 14, 8, 8, 16, 15
reelStripBonus4=8, 10, 8, 6, 5, 5, 11, 9, 17, 14, 16, 4, 8, 17, 8, 1, 1, 1, 15, 14, 8, 17, 9, 10, 16, 4, 16, 17, 9, 6, 9, 3, 11, 8, 6, 3, 10, 15, 17, 0, 3, 11, 7, 16, 7, 15, 14, 8, 4, 11, 13, 7, 3, 12, 15, 14, 4, 15, 10, 10, 13, 6, 1, 1, 1, 10, 17, 16, 16, 14, 9, 0, 11, 6, 17, 8, 4, 15, 13, 7, 5, 1, 1, 1, 3, 13, 14, 1, 1, 1, 10, 5, 7, 13, 5, 13, 10
reelStripBonus5=1, 1, 1, 3, 14, 15, 16, 7, 11, 11, 10, 1, 1, 1, 13, 15, 8, 7, 5, 3, 1, 1, 1, 9, 8, 17, 4, 13, 4, 13, 17, 3, 1, 1, 1, 11, 10, 17, 13, 8, 8, 14, 1, 1, 1, 16, 4, 7, 1, 1, 1, 9, 6, 9, 15, 10, 17, 1, 1, 1, 15, 16, 4, 5, 16, 1, 1, 1, 4, 5, 14, 0, 3, 14, 11, 9, 6, 10, 7, 1, 1, 1, 6, 5, 6, 9
reelStripBonus6=