reelStrip1=6,9,9,2,2,2,11,9,12,5,9,11,6,11,5,9,11,4,12,10,5,9,8,7,6,6,3,11,11,8,13,10,7,12,4,13,3,11,1,8
reelStrip2=3,2,2,2,9,6,13,7,10,10,11,9,13,10,11,10,6,5,1,12,10,12,7,10,5,11,4,12,7,13,3,12,8,11,6,12,13,10,8,10,4,5,13,13,7,10
reelStrip3=1,12,13,10,7,7,4,13,12,5,7,9,12,8,13,12,12,10,8,4,5,6,10,13,7,9,11,3,12,5,2,2,2,9,11,13,3,8,6,12,6,4,9,12,11,6,13,8,1
reelStrip4=8,4,5,5,12,2,2,2,6,11,12,8,13,8,10,7,13,7,13,6,9,8,7,10,12,1,11,8,5,8,3,5,3,12,3,13,11,4,11,10,11,10,8,1,9
reelStrip5=12,9,10,10,4,6,13,1,6,11,13,10,10,7,9,6,13,9,11,3,12,7,11,11,5,8,10,2,2,2,3,3,8,13,9,9,4,5,12,13,9,6,1,8,13,13,6,10,10,12
reelStrip6=
reelStripBonus1=6,7,2,2,2,4,11,13,10,11,11,12,1,12,6,5,8,9,7,7,11,5,10,9,4,13,9,8,13,12,3,9,11,3,10,8
reelStripBonus2=4,12,12,10,3,13,10,4,9,13,10,12,8,7,5,8,2,2,2,13,7,1,12,7,11,6,13,10,6,9,13,10,13,10,5,11,3,7,6,13
reelStripBonus3=11,2,2,2,12,3,13,5,8,6,9,13,13,8,12,11,7,11,13,7,4,7,1,4,12,13,10,8,13,10,11,6,12,9,6,8,4,8,3,12,6,5,9,5,10
reelStripBonus4=5,9,4,3,5,7,11,7,8,5,12,12,2,2,2,3,9,3,5,12,11,1,6,6,8,8,13,8,8,11,13,4,10,1,12,13,10,11,8,11,8,10,7,8,10
reelStripBonus5=9,10,8,1,12,5,11,12,10,10,4,13,11,5,5,3,8,6,4,13,1,3,10,7,2,2,2,9,7,3,12,11,11,9,13,13,12,9,10,8,3,6,13,6,9,12,9,6,10,6,10,13,10
reelStripBonus6=