reelStrip1= 13,14,SC,11,11,12,5,3,14,5,3,13,13,4,15,3,12,13,4,13,5,14,14,11,14,5,12,11,11,15,SC,15,3,14,12,12,15,15,2,1,12,12,15,3
reelStrip2= 15,12,2,4,13,2,3,11,12,12,5,15,15,W,W,13,W,14,14,12,5,14,15,15,3,1,3,SC,2,3,11,11,3,14,4,15,12,15,12,4,13,13,12,5,15,15,SC,14,14
reelStrip3= 12,SC,12,2,11,5,11,3,2,15,15,W,W,W,14,14,3,12,12,SC,2,1,15,3,1,5,13,13,4,14,14,3,15,15,4,5,15,3,12,12,5,14,12
reelStrip4=12,5,11,SC,5,W,W,11,W,12,13,3,13,11,1,12,1,1,13,3,4,13,3,4,13,14,14,12,4,2,11,W,2,13,15,W,4,12,SC,3,14,3,11,1,5,12,2,2,13,3,4,5,3
reelStrip5=W,W,14,W,15,15,1,12,12,1,11,12,5,4,4,12,11,2,SC,15,2,13,12,13,12,14,SC,15,14,4,3,14,2,15,2,2,14,15,1,1,15,1,14,15
reelStrip6=
reelStripBonus1=
reelStripBonus2=
reelStripBonus3=
reelStripBonus4=
reelStripBonus5=
reelStripBonus6=