reelStrip1=1,1,1,2,2,5,5,5,7,7,7,8,2,5,6,6,6,2,9,9,9,2,2,8,1,1,10,3,3,3,4,10,11,11,11,11,4,4,5,5,5,6,7,1,2,5,4,2,6,7,3,2,4,7,11,11,1,10,10,10,1,3,3,3,1,7,8,8,8,6
reelStrip2=1,1,1,2,2,5,5,5,7,7,7,8,2,5,6,6,6,2,9,9,9,2,2,8,1,1,10,3,3,3,4,10,11,11,11,11,4,4,5,5,5,6,7,1,2,5,4,2,6,7,3,2,4,7,11,11,1,10,10,10,1,3,3,3,1,7,8,8,8,6
reelStrip3=1,1,1,2,2,5,5,5,7,7,7,8,2,5,6,6,6,2,9,9,9,2,2,8,1,1,10,3,3,3,4,10,11,11,11,11,4,4,5,5,5,6,7,1,2,5,4,2,6,7,3,2,4,7,11,11,1,10,10,10,1,3,3,3,1,7,8,8,8,6
reelStrip4=1,1,1,2,2,5,5,5,7,7,7,8,2,5,6,6,6,2,9,9,9,2,2,8,1,1,10,3,3,3,4,10,11,11,11,11,4,4,5,5,5,6,7,1,2,5,4,2,6,7,3,2,4,7,11,11,1,10,10,10,1,3,3,3,1,7,8,8,8,6
reelStrip5=1,1,1,2,2,5,5,5,7,7,7,8,2,5,6,6,6,2,9,9,9,2,2,8,1,1,10,3,3,3,4,10,11,11,11,11,4,4,5,5,5,6,7,1,2,5,4,2,6,7,3,2,4,7,11,11,1,10,10,10,1,3,3,3,1,7,8,8,8,6
reelStrip6=
reelStripBonus1=
reelStripBonus2=
reelStripBonus3=
reelStripBonus4=
reelStripBonus5=
reelStripBonus6=