reelStrip1=12,11,10,9,8,7,6,5,15,4,3,12,11,10,12,11,10,9,8,7,6,5,4,3,12,11,10,9,8,7,6,12,11,10,9,8,7,11,5,4,3,10,6
reelStrip2=12,11,10,9,8,7,6,9,8,7,5,11,10,4,3,12,5,4,3,11,10,12,11,10,9,8,7,6,5,4,3,12,11,10,9,8,7,15,6,12,11,10,9,8,7,6
reelStrip3=12,11,10,9,8,7,6,5,4,3,12,11,10,12,11,10,16,11,10,9,8,7,6,5,4,3,12,11,10,9,8,5,4,3,7,6,12,11,9,8,7,10,9,8,7,6
reelStrip4=12,11,10,9,8,16,7,6,5,4,3,12,5,4,3,11,10,12,11,10,9,8,7,6,5,4,3,12,11,10,9,8,7,11,10,6,9,8,7,12,11,10,9,8,7,6
reelStrip5=12,11,10,9,8,7,11,10,6,5,4,3,12,11,10,12,11,10,9,16,8,7,6,5,4,3,9,8,7,12,5,4,3,11,10,9,8,7,6,12,11,10,9,8,7,6
reelStrip6=
reelStripBonus1=
reelStripBonus2=
reelStripBonus3=
reelStripBonus4=
reelStripBonus5=
reelStripBonus6=