reelStrip1=9,6,9,5,4,10,8,7,9,8,7,11,8,5,1,10,5,11,8,4,3,8~7,8,9,10,5,11,6,10,7,10,8,8,11,1,3,4,4,11,6,8,10,11~5,10,9,6,8,11,1,11,7,9,11,3,10,3,9,4,10,8,5,7,7~9,7,3,10,10,11,11,9,1,3,8,11,7,5,6,4,5,10,8,9~10,1,10,11,9,6,4,9,8,3,7,5,8,5,9,1,7,10
reelStrip2=5,7,5,1,9,8,11,4,4,11,7,6,6,5,3,9,8,3,10,10,8~4,1,9,6,8,6,7,4,9,11,3,5,8,7,3,10,11,7,10,10~11,1,4,10,9,11,3,9,3,8,8,6,10,9,6,5,5,10,4,11,11,7~4,11,9,9,10,7,11,5,8,11,4,7,3,10,6,1,7,10~9,9,8,4,7,4,6,5,3,11,11,10,7,3,7,10,10,1,9,1,8,6
reelStrip3=9,6,9,5,4,10,8,7,9,8,7,11,8,5,1,10,5,11,8,4,3,8~7,8,9,10,5,11,6,10,7,10,8,8,11,1,3,4,4,11,6,8,10,11~5,10,9,6,8,11,1,11,7,9,11,3,10,3,9,4,10,8,5,7,7~9,7,3,10,10,11,11,9,1,3,8,11,7,5,6,4,5,10,8,9~10,1,10,11,9,6,4,9,8,3,7,5,8,5,9,1,7,10
reelStrip4=5,7,5,1,9,8,11,4,4,11,7,6,6,5,3,9,8,3,10,10,8~4,1,9,6,8,6,7,4,9,11,3,5,8,7,3,10,11,7,10,10~11,1,4,10,9,11,3,9,3,8,8,6,10,9,6,5,5,10,4,11,11,7~4,11,9,9,10,7,11,5,8,11,4,7,3,10,6,1,7,10~9,9,8,4,7,4,6,5,3,11,11,10,7,3,7,10,10,1,9,1,8,6
reelStrip5=9,6,9,5,4,10,8,7,9,8,7,11,8,5,1,10,5,11,8,4,3,8~7,8,9,10,5,11,6,10,7,10,8,8,11,1,3,4,4,11,6,8,10,11~5,10,9,6,8,11,1,11,7,9,11,3,10,3,9,4,10,8,5,7,7~9,7,3,10,10,11,11,9,1,3,8,11,7,5,6,4,5,10,8,9~10,1,10,11,9,6,4,9,8,3,7,5,8,5,9,1,7,10
reelStrip6=
reelStripBonus1=9,6,9,5,4,10,8,7,9,8,7,11,8,5,1,10,5,11,8,4,3,8~7,8,9,10,5,11,6,10,7,10,8,8,11,1,3,4,4,11,6,8,10,11~5,10,9,6,8,11,1,11,7,9,11,3,10,3,9,4,10,8,5,7,7~9,7,3,10,10,11,11,9,1,3,8,11,7,5,6,4,5,10,8,9~10,1,10,11,9,6,4,9,8,3,7,5,8,5,9,1,7,10
reelStripBonus2=5,7,5,1,9,8,11,4,4,11,7,6,6,5,3,9,8,3,10,10,8~4,1,9,6,8,6,7,4,9,11,3,5,8,7,3,10,11,7,10,10~11,1,4,10,9,11,3,9,3,8,8,6,10,9,6,5,5,10,4,11,11,7~4,11,9,9,10,7,11,5,8,11,4,7,3,10,6,1,7,10~9,9,8,4,7,4,6,5,3,11,11,10,7,3,7,10,10,1,9,1,8,6
reelStripBonus3=9,6,9,5,4,10,8,7,9,8,7,11,8,5,1,10,5,11,8,4,3,8~7,8,9,10,5,11,6,10,7,10,8,8,11,1,3,4,4,11,6,8,10,11~5,10,9,6,8,11,1,11,7,9,11,3,10,3,9,4,10,8,5,7,7~9,7,3,10,10,11,11,9,1,3,8,11,7,5,6,4,5,10,8,9~10,1,10,11,9,6,4,9,8,3,7,5,8,5,9,1,7,10
reelStripBonus4=5,7,5,1,9,8,11,4,4,11,7,6,6,5,3,9,8,3,10,10,8~4,1,9,6,8,6,7,4,9,11,3,5,8,7,3,10,11,7,10,10~11,1,4,10,9,11,3,9,3,8,8,6,10,9,6,5,5,10,4,11,11,7~4,11,9,9,10,7,11,5,8,11,4,7,3,10,6,1,7,10~9,9,8,4,7,4,6,5,3,11,11,10,7,3,7,10,10,1,9,1,8,6
reelStripBonus5=9,6,9,5,4,10,8,7,9,8,7,11,8,5,1,10,5,11,8,4,3,8~7,8,9,10,5,11,6,10,7,10,8,8,11,1,3,4,4,11,6,8,10,11~5,10,9,6,8,11,1,11,7,9,11,3,10,3,9,4,10,8,5,7,7~9,7,3,10,10,11,11,9,1,3,8,11,7,5,6,4,5,10,8,9~10,1,10,11,9,6,4,9,8,3,7,5,8,5,9,1,7,10
reelStripBonus6=