reelStrip1=8,1,1,1,7,9,1,1,8,1,1,10,8,7,10,9,10,8,5,4,8,7,7,9,10,9,12,6,11,11,3,10,11,10,5,11,10,11,9,11,10,10,12,6,10,11,4,6,11,10,11,10,11,10,4,10,11,10,3,6,11,11,2,11,11,10,5,11,10,10,2,11,5
reelStrip2=10,9,4,10,6,3,11,10,4,8,10,9,3,10,5,6,3,7,12,10,4,9,11,11,10,11,6,5,11,7,10,4,11,11,9,10,2,11,9,1,1,1,11,9,4,4,11,9,9,4,4,5,8,4,5,11,9,11,0,8,9,10,4,6,8,2,9,10,9,9,0,10,7,10,1,1,4,11,10,10,12,6,9,4,9,7,4,9,4,4,9,9,11,10,11,11
reelStrip3=11,1,1,1,6,1,1,10,1,11,3,9,4,11,5,7,7,10,2,8,3,10,4,6,5,7,2,10,12,11,9,3,8,5,7,0,8,3,9,8,9,5,6,0,7,3,9,3,9,8,8,12,7,7,3,6,3,3,2,6,6,9,8,6,7,7,3,8,6,9,4,9,7,9,8,6,7,8,12,7,9,9,6,7,8,7,0,8,8,6,7,9,7,8,6,9,6,3
reelStrip4=7,0,8,5,8,6,0,9,5,7,4,2,8,4,2,4,4,8,4,2,6,2,5,2,5,4,5,12,3,8,2,10,1,1,7,1,1,1,9,1,1,8,6,4,9,2,8,5,1,1,1,4,6,4,2,11,5,0,5,6,8,6,6,4,4,8,5,8,3,4,11,5,6,4,8,3,8,6,11,5,10,0,7,6,8,6,9,5,5,12,8,10,11,8,2,2,6,6
reelStrip5=8,4,11,11,3,10,11,8,4,7,2,3,9,5,10,2,10,5,3,2,2,3,10,5,3,12,3,5,3,2,5,4,3,6,12,3,5,3,2,2,3,2,6,5,3,5,3,1,1,1,2,1,1,1,6,8,1,1,1,9,1,1,2,2,5,2,9,2,5,3,2,3,7,2,6,3,8,5,5,4,5,5,7,2,5,5,7
reelStrip6=
reelStripBonus1=
reelStripBonus2=
reelStripBonus3=
reelStripBonus4=
reelStripBonus5=
reelStripBonus6=