reelStrip1=8,2,5,3,1,1,1,5,4,7,2,2,2,1,6,8,3,3,3,2,5,8,4,4,4,8,2,1,4,3,5,5,5,3,2,1,8,6,6,6,4,5,7,3,8,8,8,5,6,1,2
reelStrip2=6,2,5,1,1,1,5,4,7,2,2,2,1,6,8,3,3,3,2,5,8,4,4,4,8,2,1,4,3,5,5,5,3,2,1,8,6,6,6,4,5,7,3,8,8,8,5,6,1,2
reelStrip3=5,4,3,1,1,1,5,4,7,2,2,2,1,6,8,3,3,3,2,5,8,4,4,4,8,2,1,4,3,5,5,5,3,2,1,8,6,6,6,4,5,7,3,8,8,8,5,6,1,2
reelStrip4=
reelStrip5=
reelStrip6=
reelStripBonus1=8,2,5,3,1,1,1,5,4,7,2,2,2,1,6,8,3,3,3,2,5,8,4,4,4,8,2,1,4,3,5,5,5,3,2,1,8,6,6,6,4,5,7,3,8,8,8,5,6,1,2
reelStripBonus2=6,2,5,1,1,1,5,4,7,2,2,2,1,6,8,3,3,3,2,5,8,4,4,4,8,2,1,4,3,5,5,5,3,2,1,8,6,6,6,4,5,7,3,8,8,8,5,6,1,2
reelStripBonus3=5,4,3,1,1,1,5,4,7,2,2,2,1,6,8,3,3,3,2,5,8,4,4,4,8,2,1,4,3,5,5,5,3,2,1,8,6,6,6,4,5,7,3,8,8,8,5,6,1,2
reelStripBonus4=
reelStripBonus5=
reelStripBonus6=