reelStrip1=1,4,0,7,5,2,1,3,0,9,7,10,5,2,1,4,1,0,7,8,6
reelStrip2=4,8,0,2,1,1,6,7,2,1,0,7,1,4,1,10,6,7,9,2,3
reelStrip3=8,3,4,1,2,10,1,9,1,5,8,6,1,2,7,1,3,9,6,5,7
reelStrip4=9,2,3,8,4,1,1,4,1,10,7,5,9,0,6,1,7,8,3,1,5
reelStrip5=1,2,6,9,7,4,8,3,5,1,7,0,6,1,9,10,1,3,1,7,4
reelStrip6=
reelStripBonus1=1,4,0,7,5,2,1,3,0,9,7,11,5,2,1,4,1,0,7,11,6
reelStripBonus2=4,11,0,2,1,1,6,7,2,1,0,7,1,4,1,11,6,7,9,2,3
reelStripBonus3=11,3,4,1,2,11,1,9,1,5,11,6,1,2,7,1,3,9,6,5,7
reelStripBonus4=9,2,3,11,4,1,1,4,1,11,7,5,9,0,6,1,7,11,3,1,5
reelStripBonus5=1,2,6,9,7,4,11,3,5,1,7,0,6,1,9,11,1,3,1,7,4
reelStripBonus6=