reelStrip1=3,7,8,4,5,2,3,9,6,9,6,8,8,9,10,9,6,8,9,10,5,5,10,2,9,7,1,8,10,7,8,10,11,10,7,3,10,4,8,9,7,9,9,10,9,4,5,9,1,11,6,7,7,4,5,10,10,10,8,8,6,7,7
reelStrip2=7,7,4,9,9,3,10,6,5,10,10,9,0,0,0,8,8,9,7,8,9,7,6,2,6,9,1,10,9,7,7,10,11,9,10,6,7,4,10,8,8,2,7,4,8,5,5,10,1,11,10,6,9,4,8,10,4,5,5,3,6,3,7
reelStrip3=10,9,7,8,9,6,7,6,5,2,8,8,0,0,0,8,6,4,8,9,6,10,10,4,6,5,1,6,9,4,6,6,11,4,9,7,2,4,7,10,3,4,3,6,7,4,6,3,1,11,7,10,10,4,8,9,5,7,7,3,11,3,4,5,6,7,4,6,7,2
reelStrip4=6,2,3,10,8,2,8,5,1,3,6,3,0,0,0,3,4,1,3,8,1,2,5,2,4,3,1,4,9,4,3,1,11,6,6,5,7,4,7,9,8,2,3,8,8,4,6,6,9,11,9,5,3,4,7,7,3,4,10,10,2,10,6
reelStrip5=8,2,4,6,9,2,9,4,1,3,3,9,0,0,0,9,10,1,3,9,1,6,8,1,2,2,1,3,8,4,6,2,11,4,2,1,3,4,5,7,3,4,7,10,1,4,2,8,1,11,7,5,5,4,6,7,3,2,8,3,2,10,6
reelStrip6=
reelStripBonus1=3,7,8,4,5,2,3,9,6,9,6,8,8,9,10,9,6,8,9,10,5,5,10,2,9,7,1,8,10,7,8,10,11,10,7,3,10,4,8,9,7,9,9,10,9,4,5,9,1,11,6,7,7,4,5,10,10,10,8,8,6,7,7
reelStripBonus2=7,7,4,9,9,3,10,6,5,10,10,9,0,0,0,8,8,9,7,8,9,7,6,2,6,9,1,10,9,7,7,10,11,9,10,6,7,4,10,8,8,2,7,4,8,5,5,10,1,11,10,6,9,4,8,10,4,5,5,3,6,3,7
reelStripBonus3=10,9,7,8,9,6,7,6,5,2,8,8,0,0,0,8,6,4,8,9,6,10,10,4,6,5,1,6,9,4,6,6,11,4,9,7,2,4,7,10,3,4,3,6,7,4,6,3,1,11,7,10,10,4,8,9,5,7,7,3,11,3,4,5,6,7,4,6,7,2
reelStripBonus4=6,2,3,10,8,2,8,5,1,3,6,3,0,0,0,3,4,1,3,8,1,2,5,2,4,3,1,4,9,4,3,1,11,6,6,5,7,4,7,9,8,2,3,8,8,4,6,6,9,11,9,5,3,4,7,7,3,4,10,10,2,10,6
reelStripBonus5=8,2,4,6,9,2,9,4,1,3,3,9,0,0,0,9,10,1,3,9,1,6,8,1,2,2,1,3,8,4,6,2,11,4,2,1,3,4,5,7,3,4,7,10,1,4,2,8,1,11,7,5,5,4,6,7,3,2,8,3,2,10,6
reelStripBonus6=