reelStrip1=10,9,6,5,4,8,7,6,5,4,3,10,9,8,7,6,5,4,3,9,8,10,9,6,0,5,4,10,9,7,4,3,9,8,10,8,7,6,4,8,7,6,5,4,3,10,9,8,7,6,5,4,3,9,10,9,6,5,4,8,7,6,6,5,4,3,9,8,10,9,6,5,4,10,9,7,4,3,9,8,10,8,7,6,4,8,7,6,5,4,3,10,9,8,5,4,3,10,9,6,5,4,8,7,6,5,4,3,6,5,4,3,9,8,10,9,6,5,4,10,9,7,4,3,9,8,10,8,7,6,4,8,7,6,5,4,3,10,9,8
reelStrip2=10,9,6,5,4,8,7,6,5,10,9,6,5,4,8,7,6,5,4,6,5,4,3,9,8,10,9,6,5,4,10,9,7,4,3,9,8,10,8,7,6,4,8,7,6,5,4,3,10,9,8,3,4,3,10,9,8,7,13,13,13,13,6,5,4,3,9,8,10,9,6,5,4,10,9,7,4,3,9,8,10,8,7,6,4,8,7,6,5,4,3,10,9,8,7,6,5,4,3,9,10,9,6,5,4,8,7,6,5,4,3,6,5,4,3,9,8,10,9,6,5,4,10,9,7,4,3,9,8,10,8,7,6,4,8,7,6,5,4,3,10,9,8
reelStrip3=10,9,6,5,4,8,7,6,5,4,10,9,8,7,6,5,4,9,8,10,9,3,6,5,4,10,9,7,4,9,8,10,8,13,13,13,13,0,7,6,4,8,7,6,5,4,10,9,8,13,7,6,5,4,9,10,9,6,5,4,3,8,7,6,5,4,6,5,4,3,9,8,10,9,6,5,4,10,9,7,4,3,9,8,10,8,7,6,4,8,7,6,5,4,3,10,9,8
reelStrip4=10,9,6,5,4,8,7,6,5,13,4,3,10,9,6,5,4,8,7,6,5,4,3,9,8,10,9,6,5,4,10,9,7,4,3,9,8,10,8,7,6,4,8,7,6,5,4,3,10,9,8,6,5,4,3,10,9,8,7,6,5,4,10,9,6,5,4,8,7,6,5,4,3,3,9,8,10,9,6,5,4,10,9,7,4,3,9,8,10,8,7,6,4,8,7,6,5,4,3,10,9,8,13,13,13,7,6,5,4,3,9,6,5,4,3,9,8,10,9,6,5,4,10,9,7,4,3,9,8,10,8,7,6,4,8,7,6,5,4,3,10,9,8
reelStrip5=10,9,6,5,4,8,7,6,5,4,3,0,10,9,8,7,6,5,4,3,9,8,10,9,6,5,4,10,9,7,4,3,9,8,10,8,7,6,4,8,7,6,5,4,3,13,10,9,8,7,6,5,10,9,6,5,4,8,7,6,5,4,3,6,5,4,10,9,7,4,3,9,8,10,4,3,9,6,5,4,3,9,8,10,9,6,5,4,10,9,7,4,3,9,8,10,8,7,6,4,8,7,6,5,4,3,10,9,8
reelStrip6=
reelStripBonus1=10,9,6,5,4,8,7,6,5,4,3,10,9,8,7,6,5,4,3,6,5,4,3,9,8,10,9,6,5,4,10,9,7,4,3,9,8,10,8,7,6,4,8,7,6,5,4,3,10,9,8,9,8,10,9,6,0,5,4,10,9,7,4,3,9,8,10,8,7,6,4,8,7,6,5,4,3,10,9,8,7,6,5,4,3,9,10,9,6,5,4,8,7,6,5,4,3,10,9,6,5,4,8,7,6,5,4,3,6,5,4,3,9,8,10,9,6,5,4,10,9,7,4,3,9,8,10,8,7,6,4,8,7,6,5,4,3,10,9,8
reelStripBonus2=10,9,6,5,4,8,7,6,5,10,9,6,5,4,8,7,6,5,4,3,4,3,10,9,8,7,13,13,13,13,6,5,4,3,9,8,10,9,6,5,4,10,9,7,4,3,9,8,10,8,7,6,4,8,7,6,5,4,3,10,9,8,7,6,5,4,3,9,10,9,6,5,4,8,7,6,5,4,3,6,5,4,3,9,8,10,9,6,5,4,10,9,7,4,3,9,8,10,8,7,6,4,8,7,6,5,4,3,10,9,8
reelStripBonus3=10,9,6,5,3,4,8,7,6,5,4,10,9,8,7,6,5,4,9,3,8,10,9,6,5,4,10,9,7,4,9,8,10,8,13,13,13,13,0,7,6,4,8,7,6,5,4,10,9,8,13,7,6,5,4,9,10,9,6,5,4,8,7,6,3,5,4,6,5,4,3,9,8,10,9,6,5,4,10,9,7,4,3,9,8,10,8,3,7,6,4,8,7,6,5,4,3,10,9,8
reelStripBonus4=10,9,6,5,4,8,7,6,5,13,4,3,10,9,6,5,4,8,7,6,5,4,6,5,4,3,9,8,10,9,6,5,4,10,9,7,4,3,9,8,10,8,7,6,4,8,7,6,5,4,3,10,9,8,3,10,9,8,7,6,5,4,10,9,6,5,4,8,7,6,5,4,3,3,9,8,10,9,6,5,4,10,9,7,4,3,9,8,10,8,7,6,4,8,7,6,5,4,3,10,9,8,13,13,13,7,6,5,4,3,9,6,5,4,3,9,8,10,9,6,5,4,10,9,7,4,3,9,8,10,8,7,6,4,8,7,6,5,4,3,10,9,8
reelStripBonus5=10,9,6,5,4,8,7,6,5,4,3,0,10,9,8,7,6,5,4,3,9,8,10,9,6,5,4,6,5,4,3,9,8,10,9,6,5,4,10,9,7,4,3,9,8,10,8,7,6,4,8,7,6,5,4,3,10,9,8,10,9,7,4,3,9,8,10,8,7,6,4,8,7,6,5,4,3,13,10,9,8,7,6,5,10,9,6,5,4,8,7,6,5,4,3,6,5,4,10,9,7,4,3,9,8,10,4,3,9,6,5,4,3,9,8,10,9,6,5,4,10,9,7,4,3,9,8,10,8,7,6,4,8,7,6,5,4,3,10,9,8
reelStripBonus6=