reelStrip1=10,7,8,4,7,9,10,2,4,2,6,10,9,7,5,9,4,6,5,8,9,2,3,4,6,10,2,4,8,9,4,5,3,10,7,8,10,1,1,1,1,7,8,4,7,9,10,12,2,4,2,3,6,10,9,7,5,9,4,6,5,8,9,2,3,4,6,10,2,4,12,8,9,4,5,3,10,7,8
reelStrip2=10,7,8,4,7,9,10,2,4,2,6,10,9,7,5,9,4,6,12,5,8,9,2,3,4,6,10,2,4,8,9,4,5,3,10,7,8,10,7,8,4,7,9,10,5,2,4,2,3,6,10,9,7,5,9,4,6,5,8,9,2,3,12,0,4,6,10,2,4,5,1,1,1,1,8,9,4,5,3,10,7,8
reelStrip3=10,7,8,4,7,9,10,2,4,2,0,6,10,9,1,1,1,1,7,5,9,4,6,5,8,9,2,3,4,6,10,2,4,8,9,4,5,3,10,7,8,10,7,8,4,7,9,10,12,2,4,2,3,6,10,9,7,5,9,4,6,5,8,9,2,3,4,6,10,2,4,12,8,9,4,5,3,10,7,8
reelStrip4=10,7,8,4,7,9,10,2,4,2,6,10,9,7,5,9,4,6,5,8,9,2,3,4,6,10,2,4,8,9,4,5,3,10,7,8,10,7,8,1,1,1,1,4,7,9,10,0,8,2,4,2,3,6,10,9,7,5,9,4,6,5,8,9,2,3,4,6,10,2,4,7,8,9,4,5,3,10,7,8
reelStrip5=10,7,8,4,7,9,10,2,4,2,6,10,9,7,5,9,4,6,5,8,9,2,3,0,4,6,10,2,4,8,9,4,5,3,10,7,8,10,7,8,4,7,9,10,2,4,2,3,6,10,9,7,5,9,4,6,5,8,9,2,1,1,1,1,3,4,6,10,2,4,8,9,4,5,3,10,7,8
reelStrip6=
reelStripBonus1=10,7,8,4,7,9,10,2,4,2,6,10,9,7,5,9,4,6,5,8,9,2,3,4,6,10,2,4,8,9,4,5,3,10,7,8,10,7,8,4,7,9,10,6,2,4,2,3,6,10,9,7,5,9,4,6,5,8,9,2,3,4,6,10,2,4,3,8,9,4,5,3,10,7,8
reelStripBonus2=10,7,8,4,7,9,10,2,4,2,6,10,9,7,5,9,4,6,5,8,9,2,3,4,6,10,2,4,8,9,4,5,3,10,7,8,10,7,8,4,7,9,10,2,4,2,3,6,10,9,7,5,9,4,6,5,8,9,2,3,0,4,6,10,2,4,8,9,4,5,3,10,7,8
reelStripBonus3=10,7,8,4,7,9,10,2,4,2,6,10,9,7,5,9,4,6,0,5,8,9,2,3,4,0,6,10,2,4,8,9,4,5,3,10,7,8,10,7,8,4,7,9,10,5,2,4,2,3,6,10,9,7,5,9,4,6,5,8,9,2,3,4,6,10,2,4,8,9,4,5,3,10,7,8
reelStripBonus4=10,7,8,4,7,9,10,2,4,2,6,10,9,7,5,9,4,6,5,8,9,2,3,4,6,10,2,4,8,9,4,5,3,10,7,8,10,7,8,4,7,9,10,2,4,2,3,6,10,9,7,5,9,4,6,5,8,9,0,2,3,4,6,10,2,4,8,9,4,5,3,10,7,8
reelStripBonus5=10,7,8,4,7,9,10,2,4,2,6,10,9,0,7,5,9,4,6,5,8,9,2,3,4,6,10,2,4,8,9,4,5,3,10,7,8,10,7,8,4,7,9,10,2,4,2,3,6,10,9,7,5,9,4,6,5,8,9,2,0,3,4,6,10,2,4,8,9,4,5,3,10,7,8
reelStripBonus6=