reelStrip1=5,7,5,5,6,6,6,5,5,1,1,4,1,4,4,5,4,3,0,0,0,7,3,3,3,2,2,5,5,5,7,2,2,4,4,6,4,2,2,5,4,7,5,5,4,4,5,4,5,5,2,2,2
reelStrip2=5,5,1,1,1,6,6,6,7,3,3,3,4,4,2,4,2,2,6,6,5,5,5,1,1,3,3,6,6,6,6,0,0,0,2,1,1,5,5,5,6,6,7,6,6,6,1,1,6,6,6,7,6,6,6,6,6
reelStrip3=5,5,5,6,6,6,7,4,4,4,0,0,0,4,1,1,1,3,3,3,5,5,5,2,2,6,2,3,3,3,4,4,6,6,6,4,4,2,4,4,4,6,6,6,3,3,3
reelStrip4=5,6,5,5,6,6,6,3,3,1,1,4,4,4,4,0,0,0,3,4,3,3,7,2,2,5,5,6,6,1,1,6,6,6,4,4,4,2,2,1,1,2,6,6,6,7
reelStrip5=5,7,5,5,1,1,4,6,6,4,4,4,4,3,3,3,5,6,6,2,2,0,0,0,3,3,6,6,6,1,5,5,5,2,2,1,1,4,4,4,4,4,5,5,5,6,6,6,7,2,2,2,2,2,2
reelStrip6=
reelStripBonus1=
reelStripBonus2=
reelStripBonus3=
reelStripBonus4=
reelStripBonus5=
reelStripBonus6=