reelStrip1=8,10,3,6,8,0,10,4,6,1,1,8,11,4,6,8,12,10,8,4,11,5,8,1,6,8,4,9,10,1,1,1,9,6,2,7,9,5,6,4
reelStrip2=5,8,2,6,7,12,9,7,3,6,5,10,2,8,9,1,1,1,11,3,7,2,9,5,3,6,10,4,8,7,0,9,5,2,6,9,1,8,3,7
reelStrip3=6,3,7,11,1,1,1,10,6,2,5,11,3,8,4,10,0,9,6,2,7,11,1,1,10,5,3,6,4,11,12,10,6,2,7,6,1,9,4,11
reelStrip4=9,4,5,7,1,1,1,8,5,3,6,4,7,2,5,11,1,1,6,4,10,5,4,9,7,12,11,5,4,10,0,8,6,2,9,5,1,7,4,11
reelStrip5=7,6,2,8,10,0,9,6,3,7,12,11,4,6,10,1,1,1,11,7,2,5,6,3,10,12,8,7,2,11,6,3,9,5,2,10,1,6,8,4
reelStrip6=
reelStripBonus1=8,10,3,6,8,13,10,4,6,1,1,8,11,4,6,8,12,10,8,4,11,5,8,1,6,8,4,9,10,1,1,1,9,6,2,7,9,5,6,4
reelStripBonus2=5,8,2,6,7,12,9,7,3,6,5,10,2,8,9,1,1,1,11,3,7,2,9,5,3,6,10,4,8,7,13,9,5,2,6,9,1,8,3,7
reelStripBonus3=6,3,7,11,1,1,1,10,6,2,5,11,3,8,4,10,13,9,6,2,7,11,1,1,10,5,3,6,4,11,12,10,6,2,7,6,1,9,4,11
reelStripBonus4=9,4,5,7,1,1,1,8,5,3,6,4,7,2,5,11,1,1,6,4,10,5,4,9,7,12,11,5,4,10,13,8,6,2,9,5,1,7,4,11
reelStripBonus5=7,6,2,8,10,13,9,6,3,7,12,11,4,6,10,1,1,1,11,7,2,5,6,3,10,12,8,7,2,11,6,3,9,5,2,10,1,6,8,4
reelStripBonus6=