reelStrip1=1,1,1,2,2,2,2,2,3,3,3,3,4,4,4,4,0,5,5,5,5,5,7,7,7,7,7,7,6,6,6,6,6,5,5,5,5,5,4,4,4,4,3,3,3,3,6,6,6,5,5,5,5,5,5,5,5,5,5,0,4,4,4,4,4,4,4,4,1,1,1,2,2,2,2,2,3,3,3,3,3,3,3,3,6,6,6,6,6,6,6,6,7,7,7,7,7,7
reelStrip2=1,1,1,2,2,2,2,2,3,3,3,3,5,5,5,5,0,4,4,4,4,4,6,6,6,4,4,4,4,5,5,5,5,5,7,7,7,7,7,6,6,6,6,3,3,3,3,1,1,1,2,2,2,2,2,3,3,3,3,3,3,3,3,4,4,4,4,4,4,4,4,4,0,5,5,5,5,5,5,5,5,5,6,6,6,6,6,6,6,7,7,7,7,7
reelStrip3=1,1,1,2,2,2,2,2,3,3,3,3,3,4,4,4,0,5,5,5,5,6,6,6,6,6,7,7,7,7,7,7,5,5,5,5,4,4,4,4,4,7,7,7,3,3,3,1,1,1,2,2,2,2,2,3,3,5,5,5,5,5,5,5,5,0,4,4,4,4,4,4,4,4,6,6,6,6,6,7,7,7,7,7,7,7,7,7
reelStrip4=1,1,1,2,2,2,2,2,3,3,3,3,3,4,4,4,0,5,5,5,5,6,6,6,6,6,7,7,7,7,7,7,4,4,4,4,5,5,5,5,5,5,6,6,6,6,6,7,7,7,7,3,3,3,1,1,1,2,2,2,2,2,3,3,3,3,3,3,3,3,5,5,5,5,5,5,0,4,4,4,4,4,4,4,4,4,4,4,5,5,5,5,5,5,6,6,6,6,6,6,6,6,6,6,7,7,7,7,7,7,7,7,7,7
reelStrip5=1,1,1,2,2,2,2,2,3,3,3,3,4,4,4,4,0,5,5,5,5,5,7,7,7,7,7,7,6,6,6,6,6,5,5,5,5,5,4,4,4,4,3,3,3,3,6,6,6,5,5,5,5,5,5,5,5,5,5,0,4,4,4,4,4,4,4,4,1,1,1,2,2,2,2,2,3,3,3,3,3,3,3,3,6,6,6,6,6,6,6,6,7,7,7,7,7,7
reelStrip6=
reelStripBonus1=
reelStripBonus2=
reelStripBonus3=
reelStripBonus4=
reelStripBonus5=
reelStripBonus6=