reelStrip1=7,5,9,2,8,6,10,2,9,3,7,5,8,9,10,6,7,4,12,3,11,6,10,4,8,11,1,5,8,3,11,5,10,6,8,4,1,7,11,9,10,9,11
reelStrip2=11,1,10,5,0,7,7,6,12,1,9,4,0,2,9,5,8,3,12,4,7,11,6,0,2,3,9,8,7,10,11,9,6,5,4,10,11,5,0,11,10,9,8
reelStrip3=11,1,2,9,0,11,1,10,12,1,2,8,0,6,7,8,10,7,12,2,1,7,8,0,3,2,7,4,3,10,7,1,5,9,1,8,11,5,0,4,6,3,2,1,10,11,3,6,5,7,9,10,3,11,5,6,10,4,9,11,6,8,9,0,1,11,4,8,9,10,4,6,5
reelStrip4=10,6,9,2,0,7,2,3,12,8,1,10,0,9,6,7,11,4,12,3,8,5,11,0,4,9,3,8,6,10,7,1,5,11,4,6,7,5,0,2,1,3,5
reelStrip5=10,5,1,3,10,7,4,1,9,10,6,2,9,7,1,2,3,5,12,8,1,3,4,2,7,5,8,3,6,8,4,9,7,1,6,5,8,11,7,10,4,6,2
reelStrip6=
reelStripBonus1=7,5,9,2,8,6,10,2,9,3,7,5,8,9,10,6,7,4,12,3,11,6,10,4,8,11,1,5,8,3,11,5,10,6,8,4,1,7,11,9,10,9,11
reelStripBonus2=11,1,10,5,0,7,7,6,12,1,9,4,0,2,9,5,8,3,12,4,7,11,6,0,2,3,9,8,7,10,11,9,6,5,4,10,11,5,0,11,10,9,8
reelStripBonus3=11,1,2,9,0,11,1,10,12,1,2,8,0,6,7,8,10,7,12,2,1,7,8,0,3,2,7,4,3,10,7,1,5,9,1,8,11,5,0,4,6,3,2,1,10,11,3,6,5,7,9,10,3,11,5,6,10,4,9,11,6,8,9,0,1,11,4,8,9,10,4,6,5
reelStripBonus4=10,6,9,2,0,7,2,3,12,8,1,10,0,9,6,7,11,4,12,3,8,5,11,0,4,9,3,8,6,10,7,1,5,11,4,6,7,5,0,2,1,3,5
reelStripBonus5=10,5,1,3,10,7,4,1,9,10,6,2,9,7,1,2,3,5,12,8,1,3,4,2,7,5,8,3,6,8,4,9,7,1,6,5,8,11,7,10,4,6,2
reelStripBonus6=