reelStrip1=5,6,8,5,9,2,8,6,7,8,5,7,8,6,8,5,9,7,6,0,1,6,9,7,2,8,6,5,9,7,8,9,6,4,7,5,6,9,7,5,6,8,1,6,5,7,6,5,7,9,6,4,7,5,6,7,8,3,7,8,9,6,8,4,5,7,8,9,4,8,7,9,5,7,8,2,7,5,8,4,9,8,5,9,7,8,6,9,5,6,9,8,6,5,9,8,5,9,3,8,7,0,9,6,8,5,6,8,5,7,6,8,5,6,7,9,5,7,6,8,4,5,7,9,8,5
reelStrip2=8,7,6,0,4,6,8,7,9,5,8,9,5,3,8,6,9,5,6,9,5,6,7,5,9,8,6,7,9,6,5,7,1,9,7,3,6,9,7,8,6,9,5,6,9,5,8,7,4,5,7,8,9,7,8,9,7,2,8,6,1,7,6,9,8,6,7,5,6,7,9,5,6,4,9,8,5,6,8,2,5,9,8,5,7,4,5,7,8,6,5,7,8,5,0,9,8,5,3,7,9,5,3,6,8,7,6,8,9,6,8,7,5,6,2,9,7,6,9,8,9,7,8,6,5,8
reelStrip3=5,4,3,0,5,4,2,3,8,1,5,3,2,1,4,2,7,8,6,1,5,8,4,3,7,2,1,4,1,4,3,2,5,3,7,3,4,7,1,3,2,9,8,2,4,6,7,3,5,4,7,5,7,4,6,9,1,5,3,8,5,7,3,8,4,5,4,2,6,9,1,6,3,1,6,3,2,9,8,4,1,3,4,8,1,4,7,6,1,4,2,1,4,9,1,2,4,5,1,3,6,7,9,0,5,3,1,9,3,4,1,3,8,4,5,8,2,4,8,2,3,2,7,4,2,9,7,8,2,6,1,2,3,4,1,5,6
reelStrip4=
reelStrip5=
reelStrip6=
reelStripBonus1=
reelStripBonus2=
reelStripBonus3=
reelStripBonus4=
reelStripBonus5=
reelStripBonus6=