reelStrip1=9,7,2,9,5,1,8,7,3,9,6,0,8,5,2,9,6,0,8,4,1,9,6,3,8,7,10,9,5,2,8,0,7,1,9,4,3,8,6,0
reelStrip2=8,4,0,9,4,2,8,4,1,6,5,3,6,5,3,9,7,0,7,8,1,0,8,4,10,6,5,0,9,7,1,8,6,2,8,4,1,9,7,2
reelStrip3=7,5,3,7,9,1,4,5,3,7,6,0,4,6,1,5,7,0,9,8,3,4,8,0,7,8,2,4,6,1,7,10,4,2,7,6,3,7,9,3
reelStrip4=8,6,3,8,6,2,8,7,3,6,5,0,8,9,3,6,7,2,8,6,3,8,9,1,6,4,2,8,9,2,6,5,10,2,8,9,2,6,5,2
reelStrip5=7,5,3,9,4,2,7,5,3,9,8,3,7,5,1,9,4,2,9,5,3,7,8,10,9,6,2,7,5,3,9,4,0,2,7,5,3,9,4,3
reelStrip6=
reelStripBonus1=3,8,5,1,9,4,2,8,5,3,9,6,1,8,5,3,9,4,1,8,6,3,9,7,1,9,4,3,8,5,1,8,3,7,2,5,7,1,8,6
reelStripBonus2=1,6,8,2,7,9,3,6,9,2,7,8,1,6,5,2,7,5,3,8,4,2,6,4,2,7,8,2,6,9,3,7,2,9,3,6,9,2,7,5
reelStripBonus3=3,8,9,1,7,6,3,8,4,1,7,5,3,8,4,1,8,9,3,7,5,2,8,4,3,7,6,1,8,4,3,7,2,8,1,7,4,3,8,5
reelStripBonus4=3,6,9,2,6,8,2,5,7,3,6,9,2,5,4,1,6,8,3,5,9,2,6,8,3,5,4,1,6,4,3,5,2,6,1,5,9,2,6,4
reelStripBonus5=3,7,4,2,9,5,2,7,4,3,9,5,1,7,4,3,9,5,2,7,8,3,7,4,1,9,6,3,7,4,2,9,1,9,3,7,9,2,7,4
reelStripBonus6=