reelStrip1=11,4,6,2,10,9,8,7,4,6,7,9,6,8,3,6,7,8,3,1,11,2,8,7,6,5,9,1,10,6,8,10,7,2,10,7,11,6,8,9,6,10,7,3,10,5,9,8,6,9,7,4,6,9,5,7,11,9,6,7,8,9,7,8
reelStrip2=3,4,5,10,0,7,8,5,6,10,2,11,7,6,5,8,10,7,0,6,10,2,1,10,4,3,2,10,9,5,11,8,10,9,5,10,2,5,10,7,3,9,10,11,5,8,3,4,5,8,10,3,5,9,6,4,11,1,7,2,4,10,5,6
reelStrip3=7,8,3,5,8,9,6,11,10,3,6,1,2,9,5,10,9,7,5,3,9,1,7,8,4,10,9,6,8,9,4,11,8,3,11,2,8,4,10,5,9,6,10,8,9,3,6,9,8,3,7,10,4,6,10,7,8,6,7,10,9,7,8,10
reelStrip4=10,4,7,1,9,10,0,9,10,5,7,9,6,2,11,8,2,6,4,5,2,8,10,1,8,10,3,5,9,7,6,3,8,1,5,3,9,5,10,6,9,7,11,8,4,2,6,1,7,10,1,9,3,10,11,5,8,11,3,5,9,3,5,11
reelStrip5=7,6,2,10,11,6,7,5,6,3,10,2,11,4,5,11,6,8,7,2,10,4,3,5,6,11,4,2,8,3,4,11,1,8,5,9,11,5,7,8,10,9,2,1,9,5,1,3,7,4,9,10,3,7,5,8,10,5,1,9,5,1,9,5
reelStrip6=
reelStripBonus1=11,4,6,2,10,9,8,7,4,6,7,9,6,8,3,6,7,8,3,1,11,2,8,7,6,5,9,1,10,6,8,10,7,2,10,7,11,6,8,9,6,10,7,3,10,5,9,8,6,9,7,4,6,9,5,7,11,9,6,7,8,9,7,8
reelStripBonus2=3,4,5,10,0,7,8,5,6,10,2,11,7,6,5,8,10,7,0,6,10,2,1,10,4,3,2,10,9,5,11,8,10,9,5,10,2,5,10,7,3,9,10,11,5,8,3,4,5,8,10,3,5,9,6,4,11,1,7,2,4,10,5,6
reelStripBonus3=7,8,3,5,8,9,6,11,10,3,6,1,2,9,5,10,9,7,5,3,9,1,7,8,4,10,9,6,8,9,4,11,8,3,11,2,8,4,10,5,9,6,10,8,9,3,6,9,8,3,7,10,4,6,10,7,8,6,7,10,9,7,8,10
reelStripBonus4=10,4,7,1,9,10,0,9,10,5,7,9,6,2,11,8,2,6,4,5,2,8,10,1,8,10,3,5,9,7,6,3,8,1,5,3,9,5,10,6,9,7,11,8,4,2,6,1,7,10,1,9,3,10,11,5,8,11,3,5,9,3,5,11
reelStripBonus5=7,6,2,10,11,6,7,5,6,3,10,2,11,4,5,11,6,8,7,2,10,4,3,5,6,11,4,2,8,3,4,11,1,8,5,9,11,5,7,8,10,9,2,1,9,5,1,3,7,4,9,10,3,7,5,8,10,5,1,9,5,1,9,5
reelStripBonus6=