reelStrip1=3,1,9,0,6,3,7,0,4,2,1,8,7,3,6,4,5,3,6,0,7,5,1,6,9,3,5,6,4,7,3,6,5,7,4,2,3,7,1,5,3,9,4,7,6,5,1,4,7,2,1,8,4,7,5,3,6,4,2,5,6,7,1,3,4,0,1,7,8,5,6,7,2,9,6,4,7,2,5,8,1,4,2,6,1,5,2,7,5,6,2,7,4,0,8,5,7,2,4,6,3,1,8,6,5,4,1,6,7,3,4,6,2,3,5,7,6,4,2,3,5,7,2,3,5,4,2,6
reelStrip2=3,6,4,7,5,3,2,4,1,8,2,7,4,6,1,8,2,5,1,3,4,2,5,3,7,2,6,5,4,0,2,1,4,3,5,6,1,3,0,8,6,4,2,3,7,1,5,6,7,4,5,6,7,3,4,6,5,8,1,4,2,5,7,6,0,8,1,6,7,4,3,5,6,7,2,4,3,6,7,1,4,5,3,7,6,5,2,3,4,8,7,6,4,5,0,6,3,4,7,1,5,3,7,2,6,5,7,4,2,3,5,7,2,1,5,7,6,2,1,7,6,5,2,7,6,5,4,7
reelStrip3=8,4,6,7,5,3,1,7,0,6,2,3,4,5,6,1,7,5,2,4,7,3,6,8,4,0,6,2,7,4,8,6,5,7,2,6,4,7,1,6,2,4,7,3,6,2,7,5,6,8,1,5,7,3,4,1,7,3,2,5,6,8,7,3,0,6,2,5,7,4,1,6,3,7,5,6,1,2,7,5,4,3,6,5,0,4,2,6,4,5,1,4,5,8,1,2,5,3,7,4,6,5,1,0,3,5,4,1,3,2,5,4,3,7,6,4,2,7,5,6,3,1,4,2,5,3,7,2
reelStrip4=3,4,6,2,5,7,8,3,5,1,7,0,3,6,2,4,3,0,5,2,4,6,1,5,3,7,0,4,5,6,7,4,3,5,0,7,2,4,5,7,8,3,6,1,7,4,6,1,5,4,2,3,6,7,1,4,5,6,2,4,1,7,6,8,4,2,1,5,4,8,2,5,4,3,7,6,4,8,2,6,1,7,2,6,0,5,3,6,7,5,3,2,1,7,4,6,3,5,4,6,0,5,7,2,8,6,7,2,5,4,7,3,5,2,7,3,1,6,5,7,1,6,3,7,2,4,6,7
reelStrip5=6,7,5,4,6,7,1,5,4,7,6,2,9,8,6,7,0,2,4,7,8,1,5,2,7,6,3,4,2,7,6,4,5,2,7,4,5,3,6,2,7,3,1,2,5,6,4,3,0,5,8,3,6,7,5,0,6,3,4,7,5,9,3,6,2,1,7,3,4,1,7,5,6,0,3,1,4,9,5,6,3,4,2,6,7,4,3,2,7,4,1,8,5,4,2,6,3,1,8,5,4,7,1,5,3,2,1,7,4,2,6,7,1,0,5,6,4,7,5,6,1,3,5,2,6,8,3,2
reelStrip6=
reelStripBonus1=
reelStripBonus2=
reelStripBonus3=
reelStripBonus4=
reelStripBonus5=
reelStripBonus6=
