reelStrip1=5,1,7,0,6,1,4,0,7,2,6,8,8,8,8,8,6,9,9,9,9,9,6,1,3,2,4,1,10,0
reelStrip2=3,0,4,2,5,0,7,1,5,2,0,8,8,8,8,8,0,9,9,9,9,9,0,2,3,1,5,2,3,0
reelStrip3=4,0,6,2,5,1,4,0,3,1,7,8,8,8,8,8,7,9,9,9,9,9,7,2,3,0,10,2,5,1
reelStrip4=0,6,1,3,2,7,4,0,5,1,4,8,8,8,8,8,3,9,9,9,9,9,9,5,4,2,6,4,0,5
reelStrip5=4,0,6,2,10,4,1,3,2,7,0,4,8,8,8,8,5,9,9,9,9,9,9,3,7,0,6,1,3,10
reelStrip6=
reelStripBonus1=5,1,7,0,6,1,4,0,7,2,6,8,8,8,8,8,6,9,9,9,9,9,6,1,3,2,4,1,10,0
reelStripBonus2=3,0,4,2,5,0,7,1,5,2,0,8,8,8,8,8,0,9,9,9,9,9,0,2,3,1,5,2,3,0
reelStripBonus3=4,0,6,2,5,1,4,0,3,1,7,8,8,8,8,8,7,9,9,9,9,9,7,2,3,0,10,2,5,1
reelStripBonus4=0,6,1,3,2,7,4,0,5,1,4,8,8,8,8,8,3,9,9,9,9,9,9,5,4,2,6,4,0,5
reelStripBonus5=4,0,6,2,10,4,1,3,2,7,0,4,8,8,8,8,5,9,9,9,9,9,9,3,7,0,6,1,3,10
reelStripBonus6=