reelStrip1=3,8,3,6,7,4,6,3,5,9,8,5,8,9,8,7,4,3,7,3,5,6,0,4,7,4,9,8,7,8,7,5,9,8,6,9,8,0,5,8,10,4,7,10,4,6,10,6,8,6,7,6,3,7,5,9,6,3,10,9,10,9,8,5,8,0,3,7,4,6,5,6,8,5,9,5,10,4,10,4,9,8,10,8,9,6,9,5,4,7,10,7,4,7,10,5,0,3,7,7,3,10,5,9,4,6,10,6,3,5,8,5,10,9,10,9,7,8,10,8,5,6,10,4,8,8,10,1
reelStrip2=3,8,6,3,6,7,4,6,3,5,0,5,8,9,8,9,8,7,5,7,4,3,7,3,5,6,5,4,7,4,9,8,7,5,9,8,8,6,5,8,10,7,4,7,10,4,6,10,6,8,6,7,9,3,5,7,5,9,10,6,10,3,9,10,9,5,8,5,9,8,3,7,4,6,5,8,5,9,5,10,4,5,4,10,9,8,10,8,9,10,6,5,7,4,7,4,7,10,3,10,7,6,10,3,9,10,4,6,10,3,8,5,10,6,0,9,10,7,8,10,8,5,6,5,10,4,8,10,1
reelStrip3=3,8,6,7,6,7,4,6,8,3,5,9,5,8,9,8,7,4,3,7,5,3,5,6,3,0,4,7,9,8,4,7,8,7,5,9,5,9,5,8,6,0,5,8,10,5,4,7,10,4,10,6,8,6,9,6,0,3,7,6,5,9,6,3,10,9,10,5,9,8,5,8,7,0,3,7,8,6,4,5,6,5,8,9,10,5,4,10,5,4,10,9,8,9,10,9,6,7,5,4,7,6,4,7,10,0,3,6,7,3,10,9,6,4,6,10,3,8,0,7,9,10,7,10,8,5,6,5,10,8,4,8,10,1
reelStrip4=3,8,6,7,6,7,6,3,0,5,8,9,8,9,8,7,4,3,7,5,3,5,6,5,4,8,7,8,7,5,9,6,5,8,10,4,7,4,6,8,6,9,3,7,5,9,6,10,3,5,9,5,8,10,8,3,7,4,6,10,6,8,5,9,5,10,4,4,10,9,0,8,9,10,9,6,5,4,7,7,4,7,10,0,3,7,3,7,10,4,6,3,5,10,9,7,8,10,8,5,6,5,10,4,10,8,10,1
reelStrip5=3,8,3,6,7,4,3,0,5,8,9,8,7,8,7,4,3,7,3,5,6,4,0,7,4,9,7,8,7,3,5,9,8,0,5,8,4,7,4,6,7,5,9,0,3,7,5,9,3,6,10,3,9,10,9,5,8,0,3,7,4,10,6,8,5,9,5,10,4,10,9,10,0,8,10,9,6,4,7,4,3,7,3,10,9,4,6,3,8,5,10,0,9,7,8,5,6,10,4,8,10,1
reelStrip6=
reelStripBonus1=3,8,3,6,7,4,6,3,5,9,8,5,8,9,8,7,4,3,7,3,5,6,0,4,7,4,9,8,7,8,7,5,9,8,6,9,8,0,5,8,10,4,7,10,4,6,10,6,8,6,7,6,3,7,5,9,6,3,10,9,10,9,8,5,8,0,3,7,4,6,5,6,8,5,9,5,10,4,10,4,9,8,10,8,9,6,9,5,4,7,10,7,4,7,10,5,0,3,7,7,3,10,5,9,4,6,10,6,3,5,8,5,10,9,10,9,7,8,10,8,5,6,10,4,8,8,10,1
reelStripBonus2=3,8,6,3,6,7,4,6,3,5,0,5,8,9,8,9,8,7,5,7,4,3,7,3,5,6,5,4,7,4,9,8,7,5,9,8,8,6,5,8,10,7,4,7,10,4,6,10,6,8,6,7,9,3,5,7,5,9,10,6,10,3,9,10,9,5,8,5,9,8,3,7,4,6,5,8,5,9,5,10,4,5,4,10,9,8,10,8,9,10,6,5,7,4,7,4,7,10,3,10,7,6,10,3,9,10,4,6,10,3,8,5,10,6,0,9,10,7,8,10,8,5,6,5,10,4,8,10,1
reelStripBonus3=3,8,6,7,6,7,4,6,8,3,5,9,5,8,9,8,7,4,3,7,5,3,5,6,3,0,4,7,9,8,4,7,8,7,5,9,5,9,5,8,6,0,5,8,10,5,4,7,10,4,10,6,8,6,9,6,0,3,7,6,5,9,6,3,10,9,10,5,9,8,5,8,7,0,3,7,8,6,4,5,6,5,8,9,10,5,4,10,5,4,10,9,8,9,10,9,6,7,5,4,7,6,4,7,10,0,3,6,7,3,10,9,6,4,6,10,3,8,0,7,9,10,7,10,8,5,6,5,10,8,4,8,10,1
reelStripBonus4=3,8,6,7,6,7,6,3,0,5,8,9,8,9,8,7,4,3,7,5,3,5,6,5,4,8,7,8,7,5,9,6,5,8,10,4,7,4,6,8,6,9,3,7,5,9,6,10,3,5,9,5,8,10,8,3,7,4,6,10,6,8,5,9,5,10,4,4,10,9,0,8,9,10,9,6,5,4,7,7,4,7,10,0,3,7,3,7,10,4,6,3,5,10,9,7,8,10,8,5,6,5,10,4,10,8,10,1
reelStripBonus5=3,8,3,6,7,4,3,0,5,8,9,8,7,8,7,4,3,7,3,5,6,4,0,7,4,9,7,8,7,3,5,9,8,0,5,8,4,7,4,6,7,5,9,0,3,7,5,9,3,6,10,3,9,10,9,5,8,0,3,7,4,10,6,8,5,9,5,10,4,10,9,10,0,8,10,9,6,4,7,4,3,7,3,10,9,4,6,3,8,5,10,0,9,7,8,5,6,10,4,8,10,1
reelStripBonus6=