reelStrip1=9,10,1,1,1,1,1,8,5,11,4,6,3,9,12,6,4,6,1,1,1,1,2,8,5,7,4,10,3,7,5,10,3,8,4,11,2,8,6,3,10,4,9,11
reelStrip2=9,10,1,1,1,1,1,8,4,11,8,9,3,11,12,7,2,11,1,1,1,1,2,7,5,6,2,9,4,7,5,6,3,2,4,11,2,7,11,3,7,4,9,0
reelStrip3=9,10,1,1,1,1,1,8,3,7,4,6,3,8,12,7,2,6,1,1,1,1,2,8,4,6,2,10,4,10,5,9,3,11,4,7,2,8,6,5,10,4,6,0
reelStrip4=7,9,1,1,1,1,1,6,3,11,4,2,9,5,3,10,2,6,1,1,1,1,4,11,3,10,2,7,3,9,2,8,5,11,0
reelStrip5=7,9,1,1,1,1,1,8,5,11,4,6,8,2,10,5,8,6,1,1,1,1,3,11,2,3,9,3,8,0
reelStrip6=
reelStripBonus1=9,10,1,1,1,1,1,8,5,11,4,6,3,9,12,6,4,6,1,1,1,1,2,8,5,7,4,10,3,7,5,10,3,8,4,11,2,8,6,3,10,4,9,11
reelStripBonus2=9,10,1,1,1,1,1,8,4,11,8,9,3,11,12,7,2,11,1,1,1,1,2,7,5,6,2,9,4,7,5,6,3,2,4,11,2,7,11,3,7,4,9,0
reelStripBonus3=9,10,1,1,1,1,1,8,3,7,4,6,3,8,12,7,2,6,1,1,1,1,2,8,4,6,2,10,4,10,5,9,3,11,4,7,2,8,6,5,10,4,6,0
reelStripBonus4=7,9,1,1,1,1,1,6,3,11,4,2,9,5,3,10,2,6,1,1,1,1,4,11,3,10,2,7,3,9,2,8,5,11,0
reelStripBonus5=7,9,1,1,1,1,1,8,5,11,4,6,8,2,10,5,8,6,1,1,1,1,3,11,2,3,9,3,8,0
reelStripBonus6=