reelStrip1=6, 0, 6, 6, 6, 4, 4, 7, 7, 3, 2, 2, 3, 3, 2, 2, 6, 6, 6, 7, 6, 7, 5, 5, 7, 7, 5, 5, 1, 1, 9, 7, 7, 3, 3, 3, 4, 4, 4, 4, 5, 5, 5, 5, 7, 7, 7, 7, 8, 8, 3, 3, 1, 4, 4, 4, 9, 2, 2, 6, 6, 8, 8, 8, 8
reelStrip2=0, 7, 7, 7, 0, 0, 4, 4, 6, 6, 6, 6, 4, 4, 1, 1, 6, 6, 6, 3, 3, 3, 3, 10, 10, 10, 10, 7, 7, 7, 7, 9, 5, 5, 5, 4, 4, 4, 4, 1, 1, 1, 2, 2, 2, 2, 8, 8, 8, 8
reelStrip3=6, 6, 3, 3, 6, 3, 3, 9, 5, 5, 5, 0, 0, 0, 0, 4, 4, 5, 5, 8, 8, 0, 0, 5, 5, 5, 5, 4, 4, 4, 1, 1, 1, 1, 5, 5, 7, 7, 7, 1, 1, 9, 2, 2, 8, 8, 2, 2, 10, 10, 10, 10, 4, 4, 8, 8
reelStrip4=0, 0, 0, 1, 1, 0, 0, 0, 2, 2, 2, 2, 2, 10, 10, 10, 10, 7, 7, 10, 7, 7, 7, 2, 2, 2, 2, 1, 3, 3, 1, 1, 1, 3, 9, 4, 4, 4, 3, 3, 4, 1, 1, 10, 10, 10, 10, 10, 3, 3, 3, 6, 3, 6, 6, 4, 4, 6, 6, 4, 4, 5, 5, 5, 8, 8, 5, 5, 8, 8, 8
reelStrip5=0, 5, 5, 7, 5, 5, 7, 4, 4, 0, 0, 4, 4, 0, 0, 0, 5, 5, 1, 1, 2, 2, 1, 1, 2, 2, 6, 6, 4, 4, 0, 4, 0, 0, 0, 1, 1, 3, 3, 1, 1, 3, 3, 3, 3, 6, 6, 6, 7, 6, 7, 7, 7, 9, 2, 4, 2, 2, 2, 4, 3, 3, 8, 3, 8, 8, 8	
reelStrip6=
reelStripBonus1=6, 0, 6, 7, 6, 6, 4, 4, 7, 3, 2, 2, 3, 3, 2, 2, 6, 7, 6, 6, 6, 7, 5, 5, 7, 7, 5, 5, 1, 1, 9, 7, 7, 3, 3, 4, 4, 3, 4, 5, 5, 4, 5, 7, 7, 5, 7, 8, 8, 7, 3, 3, 4, 1, 9, 4, 4, 8, 2, 2, 6, 6, 8, 8, 8
reelStripBonus2=0, 7, 7, 6, 7, 0, 0, 4, 4, 6, 6, 6, 4, 4, 1, 1, 6, 6, 6, 3, 3, 3, 10, 10, 10, 10, 5, 7, 7, 7, 3, 7, 5, 4, 5, 9, 4, 4, 4, 1, 1, 1, 2, 8, 2, 2, 8, 8, 8, 2
reelStripBonus3=6, 6, 5, 3, 3, 6, 3, 3, 9, 5, 5, 0, 0, 0, 5, 0, 4, 4, 5, 5, 8, 8, 0, 0, 5, 5, 4, 4, 4, 1, 7, 1, 5, 1, 1, 5, 5, 7, 7, 1, 1, 9, 2, 2, 8, 8, 2, 2, 10, 10, 10, 10, 4, 4, 8, 8
reelStripBonus4=0, 0, 0, 1, 1, 0, 0, 0, 2, 2, 2, 2, 2, 10, 10, 10, 10, 7, 7, 10, 7, 2, 7, 7, 2, 2, 2, 1, 3, 3, 1, 1, 1, 3, 9, 4, 4, 4, 3, 3, 4, 1, 1, 10, 10, 10, 10, 10, 3, 3, 3, 6, 3, 6, 6, 4, 4, 6, 6, 4, 4, 5, 5, 8, 8, 5, 5, 8, 8, 8, 5
reelStripBonus5=0, 1, 5, 5, 7, 5, 7, 4, 4, 0, 0, 5, 4, 4, 0, 0, 0, 5, 5, 1, 1, 2, 2, 0, 1, 2, 2, 6, 0, 6, 4, 4, 4, 3, 0, 0, 1, 1, 3, 1, 1, 3, 3, 3, 3, 6, 6, 6, 7, 6, 3, 7, 7, 7, 9, 2, 4, 2, 2, 2, 4, 3, 8, 3, 8, 8, 8
reelStripBonus6=