reelStrip1=1,1,1,2,2,5,5,5,7,8,9,10,11,7,7,7,2,5,6,6,6,2,2,2,1,1,3,3,3,4,4,4,5,5,5,6,7,8,9,10,11,1,2,5,4,2,6,7,3,2,4,7,1,1,3,3,3,1,7,6
reelStrip2=1,1,1,2,2,5,5,5,7,7,7,2,5,6,6,6,2,2,2,3,3,3,4,4,4,5,5,5,6,7,1,2,5,4,2,6,7,3,8,9,10,11,2,4,7,1,1,3,3,3,1,7,6
reelStrip3=1,1,1,2,2,5,5,5,7,7,7,2,5,6,6,6,2,2,2,8,9,10,11,1,1,3,3,3,4,4,4,5,5,5,6,7,1,2,5,4,2,6,7,3,2,4,7,1,1,3,3,3,1,7,6
reelStrip4=1,1,1,2,2,5,5,5,7,7,7,2,5,6,6,6,2,2,2,3,3,3,4,4,4,5,5,5,6,7,1,2,5,4,2,8,9,10,11,6,7,3,2,4,7,1,1,3,3,3,1,7,6
reelStrip5=1,1,1,2,2,5,5,5,7,7,7,2,1,1,8,9,10,11,5,6,6,6,2,2,2,3,3,3,4,4,4,5,5,5,6,7,1,2,5,4,2,6,8,9,10,11,7,3,2,4,7,1,1,3,3,3,1,7,6
reelStrip6=
reelStripBonus1=1,1,1,2,2,5,5,5,7,8,9,10,11,7,7,7,2,5,6,6,6,2,2,2,1,1,3,3,3,4,4,4,5,5,5,6,7,8,9,10,11,1,2,5,4,2,6,7,3,2,4,7,1,1,3,3,3,1,7,6
reelStripBonus2=1,1,1,2,2,5,5,5,7,7,7,2,5,6,6,6,2,2,2,3,3,3,4,4,4,5,5,5,6,7,1,2,5,4,2,6,7,3,8,9,10,11,2,4,7,1,1,3,3,3,1,7,6
reelStripBonus3=1,1,1,2,2,5,5,5,7,7,7,2,5,6,6,6,2,2,2,8,9,10,11,1,1,3,3,3,4,4,4,5,5,5,6,7,1,2,5,4,2,6,7,3,2,4,7,1,1,3,3,3,1,7,6
reelStripBonus4=1,1,1,2,2,5,5,5,7,7,7,2,5,6,6,6,2,2,2,3,3,3,4,4,4,5,5,5,6,7,1,2,5,4,2,8,9,10,11,6,7,3,2,4,7,1,1,3,3,3,1,7,6
reelStripBonus5=1,1,1,2,2,5,5,5,7,7,7,2,1,1,8,9,10,11,5,6,6,6,2,2,2,3,3,3,4,4,4,5,5,5,6,7,1,2,5,4,2,6,8,9,10,11,7,3,2,4,7,1,1,3,3,3,1,7,6
reelStripBonus6=