reelStrip1=12,12,12,8,8,8,11,11,11,8,8,8,10,10,10,7,7,7,11,11,11,8,8,8,9,9,9,11,11,11,4,4,4,8,8,8,11,11,11,5,5,5,10,10,10,11,11,11,5,5,5,12,12,12,0,12,11,12,5,5,5,11,11,11,8,8,8,10,10,10,7,7,7,8,8,8,11,11,11,3,3,3,8,8,8,9,9,9,11,11,11,4,4,4,8,8,8,10,10,10,6,6,6,11,11,11,5,5,5,12,12,12,0,12,12,12,8,8,8,11,11,11,8,8,8,10,10,10,7,7,7,11,4,11,8,8,8,11,11,11,4,4,4,8,12,8,5,5,5,10,10,10,11,11,11,8,8,8,5,5,5,12,12,12,0,11,11,11,12,12,12,8,8,8,11,11,11,8,8,8,10,10,10,7,7,7,11,11,11,8,8,8,5,5,5,9,9,9,11,11,11,4,4,4,8,8,8,10,10,10,6,6,6,11,11,11,5,5,5,12,12,12,0,12,12,12,8,8,8,11,11,11,8,8,8,10,10,3,7,7,7,11,11,11,8,8,8,9,9,9,11,11,11,4,4,4,8,8,8,5,5,5,10,10,10,11,11,11,5,5,5,12,12,12,5,5,5,0,12,12,12,7,8,8,11,11,11,8,8,8,10,10,10,7,7,7,11,11,11,3,3,3,8,8,8,9,9,9,11,11,11,4,8,4,8,8,8,10,10,10,6,6,6,11,11,11,5,5,5,12,12,12
reelStrip2=3,3,3,9,9,9,0,8,8,8,12,12,12,10,10,10,3,3,3,9,9,9,12,12,12,8,8,8,9,9,9,6,6,6,12,12,12,9,9,9,6,6,6,11,11,11,5,5,5,12,12,12,0,6,6,6,3,3,3,9,9,9,0,8,8,8,9,9,9,12,12,12,10,10,10,6,6,6,12,12,12,8,8,8,9,9,9,6,7,7,12,12,12,9,9,9,6,6,6,11,11,11,5,5,5,12,12,12,0,3,3,3,9,9,9,0,8,8,8,12,12,12,3,3,3,9,9,9,12,12,12,8,8,8,9,9,9,12,12,12,9,9,9,6,6,6,5,5,5,12,12,12,0,6,6,6,3,3,3,9,9,9,0,8,8,8,12,12,12,10,10,10,9,9,9,11,12,12,6,6,6,9,9,9,12,12,12,4,4,4,8,5,8,9,9,9,7,7,7,12,12,12,9,9,10,12,12,12,6,6,6,11,11,11,5,5,5,12,12,12,3,3,3,9,9,9,0,8,8,8,12,12,12,10,10,10,3,3,3,9,9,9,12,12,12,8,8,8,9,9,9,12,12,12,9,9,9,6,6,6,11,11,12,5,5,5,12,12,12,0,6,6,6,3,3,3,8,9,9,0,8,8,8,12,12,12,10,10,10,9,9,9,12,12,12,4,4,4,8,8,8,9,9,9,7,7,7,12,12,12,9,9,9,6,6,6,11,11,11,5,5,5,12,12,12
reelStrip3=3,3,3,6,6,6,10,10,10,5,5,5,10,10,10,7,7,7,9,9,9,4,4,4,11,11,11,7,7,7,4,4,4,10,10,10,9,9,9,10,10,10,0,11,11,11,0,3,3,3,8,8,8,6,6,6,10,10,10,7,7,7,0,10,10,10,9,9,9,4,4,4,11,11,11,10,10,10,0,9,9,9,10,10,10,11,11,11,12,12,12,3,3,3,10,10,10,8,8,8,6,6,6,10,10,10,7,8,7,10,10,10,9,9,9,4,4,4,11,11,11,0,7,7,7,4,4,4,10,10,10,7,7,7,9,9,9,10,10,10,11,9,11,7,7,7,12,10,12,10,10,10,0,3,3,3,8,8,8,6,6,6,10,10,10,7,7,7,0,10,10,10,9,11,9,4,4,4,11,11,11,7,7,7,9,9,9,10,10,10,11,11,11,12,12,12,3,3,3,8,8,5,6,6,6,10,10,10,5,5,5,10,10,10,7,7,7,9,9,9,0,4,4,4,11,11,12,7,7,7,4,4,4,10,10,10,7,9,9,10,10,10,11,11,11,12,12,12,0,3,3,3,8,8,8,6,6,6,10,10,10,10,10,10,7,7,7,9,9,9,4,4,4,11,11,11,10,10,10,9,9,9,10,10,10,11,11,11,12,12,12
reelStrip4=3,3,3,0,8,8,8,10,10,10,7,7,7,10,10,10,8,8,8,0,9,9,9,4,4,4,8,8,8,9,9,9,6,6,6,11,11,11,5,5,5,10,10,10,12,12,12,0,7,7,7,0,8,8,8,10,10,10,7,7,7,10,10,10,8,8,8,9,9,9,6,6,6,8,8,8,9,9,9,6,6,6,11,11,11,5,5,5,10,10,10,12,12,12,3,3,3,8,8,8,10,10,10,7,7,5,10,10,10,8,8,8,9,9,9,6,4,4,8,8,8,7,9,9,6,6,6,11,11,11,5,5,5,10,10,10,12,12,12,0,7,7,7,0,8,8,8,10,10,10,7,7,7,10,10,11,8,4,8,9,9,9,6,6,6,8,8,8,9,7,9,6,6,6,11,11,11,5,5,5,10,10,10,12,12,12,0,8,8,8,10,10,10,7,7,7,10,10,10,8,8,8,9,9,9,4,4,4,8,8,8,9,9,9,6,6,6,11,11,11,5,5,5,10,10,10,12,10,12,0,7,7,7,0,8,8,8,10,10,10,7,7,7,10,10,10,8,8,8,9,9,9,6,6,6,8,8,8,9,9,9,6,6,6,11,11,11,5,5,5,10,10,10,12,12,12
reelStrip5=11,11,11,8,8,8,4,4,4,10,10,10,7,7,7,9,9,9,5,5,5,9,9,9,0,7,7,7,9,9,9,10,10,10,6,6,6,12,12,12,11,11,11,12,12,12,0,11,11,11,8,8,8,0,4,4,4,11,11,11,10,10,10,9,9,9,5,5,5,11,11,11,9,9,9,4,4,4,7,7,7,9,9,9,3,3,3,0,10,10,10,6,6,6,12,12,12,11,11,11,0,5,5,5,6,6,6,12,12,12,11,11,11,8,8,8,4,4,4,10,10,10,7,7,7,9,9,9,5,5,5,9,9,9,11,7,7,9,9,9,10,10,10,6,6,6,12,12,12,11,11,11,12,12,12,0,11,11,11,8,8,8,4,4,4,11,11,11,10,10,10,9,9,9,6,5,5,9,9,9,4,4,4,7,7,7,0,9,9,9,3,3,3,10,7,10,6,6,6,12,12,12,0,11,11,11,5,5,5,6,6,6,12,12,12,0,11,11,11,8,8,8,4,4,4,10,10,10,9,7,7,9,9,9,5,5,5,9,9,8,7,7,7,12,9,9,10,10,10,6,6,6,12,12,12,11,11,11,12,12,12,0,11,11,11,8,8,8,10,4,4,11,11,11,10,10,10,9,9,9,5,5,5,9,9,9,4,4,4,7,7,7,9,9,9,3,3,3,10,10,10,6,6,6,12,12,12,11,11,11,5,5,5,6,6,6,0,12,12,12
reelStrip6=
reelStripBonus1=
reelStripBonus2=
reelStripBonus3=
reelStripBonus4=
reelStripBonus5=
reelStripBonus6=