reelStrip1=0,0,0,0,0,0,1,1,1,1,2,2,2,2,8,1,1,5,5,9,10,3,3,5,5,5,5,5,5,5,5,5,5,4,4,6,6,7,9,8,0,1,1,2,2,5,5,8,8,9,9,10,10,10,10,10,10,9,9,9,9,9,9,8,8,8,8,8,8,8,11,11,11,8,8,8,7,7,7,7,3,5,5,5,5,5,5,5,5,5,5,4,4,6,6,7,9,8,0,1,1,2,2,5,5,8,8,9,9,10,10,10,10,10,10,9,9,9,9,9,9,8,8,8,8,8,8,8,7,7,7,7,7,7,3,3,3,3,3,3,3,3,2,2,2,2,2,2,2,2,1,1,1,1,1,1,1,1,4,4,4,4,4,4,4,4,6,6,6,6,6,6,6,6,8,8,8,7,7,7,7,3,5,5,5,5,5,5,5,5,5,5,4,4,6,6,7,9,8,0,1,1,2,2,5,5,8,8,9,9,10,10,10,10,10,10,9,9,9,9,9,9,8,8,8,8,8,8,8,7,7,7,7,7,7,3,3,3,3,3,3,3,3,2,2,2,2,2,2,2,2,0,0,0,0,0,0,0,0
reelStrip2=0,0,0,0,0,0,1,1,1,1,2,2,2,2,8,1,1,5,5,9,10,3,3,4,4,6,6,7,9,8,3,5,5,5,5,5,5,5,5,5,5,4,4,6,6,7,9,8,0,1,1,2,2,5,5,8,8,9,9,10,10,10,10,10,10,9,9,9,9,9,9,8,8,8,8,8,8,8,0,1,1,2,2,5,5,8,8,9,9,10,10,10,10,10,10,9,9,9,9,9,9,11,11,11,8,8,8,8,8,8,8,8,8,8,7,7,7,7,7,7,7,7,7,7,3,3,3,3,3,3,3,3,2,2,2,2,2,2,2,2,1,1,1,1,1,1,1,1,4,4,4,4,4,4,4,4,6,6,6,6,6,6,6,6,8,8,8,7,7,7,7,3,5,5,5,5,5,5,5,5,5,5,4,4,6,6,7,9,8,0,1,1,2,2,5,5,8,8,9,9,10,10,10,10,10,10,9,9,9,9,9,9,8,8,8,8,8,8,8,7,7,7,7,7,7,3,3,3,3,3,3,3,3,2,2,2,2,2,2,2,2,0,0,0,0,0,0,0,0
reelStrip3=0,0,0,0,0,0,1,1,1,1,2,2,2,2,8,1,1,5,5,9,10,11,11,11,3,3,4,4,6,6,7,9,8,0,3,5,5,5,5,5,5,5,5,5,5,4,4,6,6,7,9,8,0,1,1,2,2,5,5,8,8,9,9,10,10,10,10,10,10,9,9,9,9,9,9,8,8,8,8,8,8,8,1,1,2,2,5,5,8,8,9,9,10,10,10,10,10,10,9,9,9,9,9,9,8,8,8,8,8,8,8,8,8,8,7,7,7,7,7,7,7,7,7,7,3,3,3,3,3,3,3,3,8,8,8,7,7,7,7,3,5,5,5,5,5,5,5,5,5,5,4,4,6,6,7,9,8,0,1,1,2,2,5,5,8,8,9,9,10,10,10,10,10,10,9,9,9,9,9,9,8,8,8,8,8,8,8,7,7,7,7,7,7,3,3,3,3,3,3,3,3,2,2,2,2,2,2,2,2,2,2,2,2,2,2,2,2,1,1,1,1,1,1,1,1,4,4,4,4,4,4,4,4,6,6,6,6,6,6,6,6,0,0,0,0,0,0,0,0
reelStrip4=0,0,0,0,0,0,1,1,1,1,2,2,2,2,8,1,1,5,5,9,10,3,3,4,4,6,6,7,9,8,8,8,7,7,7,7,3,5,5,5,5,5,5,5,5,5,5,4,4,6,6,7,9,8,0,1,1,2,2,5,5,8,8,9,9,10,10,10,10,10,10,9,9,9,9,9,9,8,8,8,8,8,8,8,7,7,7,7,7,7,3,3,3,3,3,3,3,3,2,2,2,2,2,2,2,2,8,0,1,1,2,2,5,5,8,8,9,9,10,10,10,10,10,10,9,9,9,9,9,9,8,8,8,8,8,8,8,8,8,8,7,7,7,7,3,5,5,5,5,5,5,5,5,5,5,4,4,6,6,7,9,8,0,1,1,2,2,5,5,8,8,9,9,10,10,10,10,10,10,9,9,9,9,9,9,8,8,8,8,8,8,8,7,7,7,7,7,7,5,5,5,5,5,5,5,5,11,11,11,5,5,3,3,3,3,3,3,3,3,2,2,2,2,2,2,2,2,1,1,1,1,1,1,1,1,4,4,4,4,4,4,4,4,6,6,6,6,6,6,6,6,0,0,0,0,0,0,0,0
reelStrip5=0,0,0,0,0,0,1,1,1,1,2,2,2,2,8,1,1,5,5,9,10,3,3,4,4,6,6,7,9,8,0,1,1,2,2,5,5,5,5,5,8,8,8,7,7,7,7,3,5,5,5,5,5,5,5,5,5,5,4,4,6,6,7,9,8,0,1,1,2,2,5,5,8,8,9,9,10,10,10,10,10,10,9,9,9,9,9,9,8,8,8,8,8,8,8,7,7,7,7,7,7,3,3,3,3,3,3,3,3,2,2,2,2,2,2,2,2,5,5,5,5,5,8,8,9,9,10,10,10,10,10,10,9,9,9,11,11,11,9,9,9,8,8,8,8,8,8,8,8,8,8,7,7,7,7,7,7,7,7,7,7,3,3,3,3,3,5,5,5,5,5,5,5,5,5,5,4,4,6,6,7,9,8,0,1,1,2,2,5,5,8,8,9,9,10,10,10,10,10,10,9,9,9,9,9,9,8,8,8,8,8,8,8,3,3,3,3,2,2,2,2,2,2,2,2,1,1,1,1,1,1,1,1,4,4,4,4,4,4,4,4,6,6,6,6,6,6,6,6,0,0,0,0,0,0,0,0
reelStrip6=
reelStripBonus1=
reelStripBonus2=
reelStripBonus3=
reelStripBonus4=
reelStripBonus5=
reelStripBonus6=
