reelStrip1=0,5,2,3,4,5,6,4,3,4,6,5,3,6,4,5,6,7,8,5,8,6,4,7,8,6,5,7,8,4,6,1,7,3,4,5,6,7,8,6,7,1,2,7,4,5,6,7,8,5,7,4,8,6,7,5,6,7,8,5,4,6,7,4
reelStrip2=0,1,8,3,4,5,6,7,8,3,6,5,7,6,4,5,6,7,8,5,8,6,4,7,8,6,5,7,8,4,7,1,6,3,4,5,6,7,8,5,6,7,2,8,4,5,6,7,8,5,7,4,8,6,7,5,6,7,8,5,4,3,5,8
reelStrip3=0,1,2,3,4,5,3,7,5,8,4,5,7,0,4,5,6,7,8,5,2,6,4,7,8,4,5,2,8,4,3,1,2,3,4,5,6,4,8,2,1,7,2,3,4,5,6,7,8,5,7,4,0,6,7,5,6,4,3,5,4,3,5,8
reelStrip4=
reelStrip5=
reelStrip6=
reelStripBonus1=
reelStripBonus2=
reelStripBonus3=
reelStripBonus4=
reelStripBonus5=
reelStripBonus6=