reelStrip1=1,5,7,4,2,3,1,8,9,5,6,7,2,1,3,4,5,10,2,5,10,3,6,8,4,7,2,8,1,6,4,5,10,1,3,5,4
reelStrip2=1,5,7,4,2,3,1,8,9,5,6,7,2,1,3,4,5,10,2,5,10,3,6,8,4,7,2,8,1,6,4,3,10,1,3,5,4
reelStrip3=1,5,7,4,2,3,1,8,9,5,6,7,2,1,3,4,5,10,2,5,10,3,6,8,4,7,2,8,1,6,4,5,10,1,3,5,4
reelStrip4=1,5,7,4,2,3,1,8,9,5,6,7,2,1,3,4,5,10,2,5,10,3,6,8,4,7,2,8,1,6,4,8,10,1,3,5,4
reelStrip5=1,5,7,4,2,3,1,8,9,5,6,7,2,1,3,4,5,10,2,5,10,3,6,8,4,7,2,8,1,6,4,5,10,1,3,5,4
reelStrip6=
reelStripBonus1=1,5,7,4,2,3,7,2,1,3,4,5,2,5,1,8,9,5,6,7,2,1,3,4,5,2,5,3,6,8,4,7,2,8,1,6,4,3,1,3,5,4,5,6,7,2,1,3,4,5,2,5,3,6,8,4,7,2,8,1,6,4,3,1,3,5,4,5,6,7,2,1,3,4,5,2,5,3,6,8,4,7,2,8,1,6,4,3,1,3,5,4
reelStripBonus2=1,5,7,4,2,3,7,2,1,3,4,5,2,5,1,8,9,5,6,7,2,1,3,4,5,2,5,3,6,8,4,7,2,8,1,6,4,3,1,3,5,4,5,6,7,2,1,3,4,5,2,5,3,6,8,4,7,2,8,1,6,4,3,1,3,5,4,5,6,7,2,1,3,4,5,2,5,3,6,8,4,7,2,8,1,6,4,3,1,3,5,4
reelStripBonus3=1,5,7,4,2,3,7,2,1,3,4,5,2,5,1,8,9,5,6,7,2,1,3,4,5,2,5,3,6,8,4,7,2,8,1,6,4,3,1,3,5,4,5,6,7,2,1,3,4,5,2,5,3,6,8,4,7,2,8,1,6,4,3,1,3,5,4,5,6,7,2,1,3,4,5,2,5,3,6,8,4,7,2,8,1,6,4,3,1,3,5,4
reelStripBonus4=1,5,7,4,2,3,7,2,1,3,4,5,2,5,1,8,9,5,6,7,2,1,3,4,5,2,5,3,6,8,4,7,2,8,1,6,4,3,1,3,5,4,5,6,7,2,1,3,4,5,2,5,3,6,8,4,7,2,8,1,6,4,3,1,3,5,4,5,6,7,2,1,3,4,5,2,5,3,6,8,4,7,2,8,1,6,4,3,1,3,5,4
reelStripBonus5=1,5,7,4,2,3,7,2,1,3,4,5,2,5,1,8,9,5,6,7,2,1,3,4,5,2,5,3,6,8,4,7,2,8,1,6,4,3,1,3,5,4,5,6,7,2,1,3,4,5,2,5,3,6,8,4,7,2,8,1,6,4,3,1,3,5,4,5,6,7,2,1,3,4,5,2,5,3,6,8,4,7,2,8,1,6,4,3,1,3,5,4
reelStripBonus6=