reelStrip1=1,1,5,5,3,3,9,1,1,1,1,1,8,9,5,5,8,10,3,3,9,5,5,13,3,3,9,10,8,5,5,9,10,8,1,1,9,3,3,10,5,5,9,8,3,3,10,9,8,5,5,3,3,8,10,9,5,5,3,3,9,10,8,1,1,1,1,1,8,9,5,5,3,3,9,10,8,5,5,3,3,8,13,9,10,5,5,8,9,10,3,3,8,1,1,1,1,3,3,10,5,5,1,1,10,9,8,5,5,10,1,1,3,3,5,5,8,10,3,3,5,5,10,8,13,9,3,3,5,5,9,8,3,3,10,9,5,5,3,3,9,8,10,13,5,5,8,10,3,3,5,5,10,9,8,3,3,10
reelStrip2=2,2,4,4,7,6,2,2,9,4,4,7,6,9,13,4,4,7,6,9,13,4,4,7,9,6,2,2,7,9,6,4,4,7,2,2,6,4,4,9,2,2,6,7,4,4,2,2,7,9,4,4,2,2,6,9,7,4,4,6,2,2,2,2,2,7,9,6,4,4,7,9,6,2,2,7,9,4,4,6,7,9,2,2,2,2,2,6,9,7,4,4,6,9
reelStrip3=2,2,2,2,2,10,7,8,6,1,1,5,5,3,3,6,8,10,7,5,5,6,3,3,7,2,2,2,2,2,10,4,4,3,3,7,6,5,5,1,1,1,1,1,3,3,6,7,10,13,3,3,5,5,10,7,8,6,3,3,5,5,10,8,4,4,3,3,8,10,6,7,3,3,10,6,4,4,5,5,6,10,3,3,7,8,10,6,4,4,8,7,10,6,2,2,3,3,7,10,13,4,4,7,10,1,1,4,4,5,5,10,8,7,3,3,10,5,5,8,6,7,10,3,3,8,6,7,4,4,3,3,5,5,10,7,8,3,3,6,10,7,8,2,2,10,6,7,8,3,3,4,4,13,8,6,7,10,3,3,8,6,1,1,1,1,1,10,3,3,4,4,7,6,3,3,8,10,7
reelStrip4=8,9,3,3,4,4,8,10,9,3,3,7,8,10,9,5,5,8,7,4,4,6,8,9,7,3,3,6,13,7,9,8,3,3,6,0,4,4,10,7,9,8,3,3,6,9,13,10,7,8,9,2,2,5,5,7,8,9,10,0,5,5,9,7,8,10,3,3,2,2,9,10,6,4,4,9,7,5,5,6,10,3,3,13,9,7,6,8,3,3,9,5,5,7,6,4,4,10,9,1,1,8,5,5,7,10,2,2,2,2,2,6,10,9,7,1,1,8,10,6,7,4,4,9,8,10,6,1,1,1,1,1,8,7,6,10,5,5,8,13,6,7,10,9,5,5,8,6,7,10,0,0,6,7,9,4,4,1,1,1,1,1,8,6,10,9,5,5,8,10,9,6,3,3,7,10,6,4,4,8,10,2,2,2,2,2,7,6,10,9,4,4,6,10
reelStrip5=9,10,5,5,4,4,13,6,8,10,5,5,7,3,3,8,1,1,9,10,8,4,4,9,7,3,3,8,13,7,9,10,6,5,5,8,3,3,13,9,7,5,5,8,10,6,7,5,5,10,6,3,3,7,0,6,10,9,7,2,2,2,2,2,9,6,10,7,5,5,6,10,8,7,4,4,6,9,3,3,10,7,6,9,4,4,3,3,8,10,4,4,3,3,7,10,4,4,9,3,3,10,1,1,1,1,1,9,10,8,6,13,9,4,4,5,5,8,9,7,2,2,3,3,9,6,7,1,1,8,9,7,6,0,8,4,4,7,6,5,5,9,10,8,6,4,4,10,7,9,6,4,4,8,10,9,2,2,8,5,5,9,10,6,2,2,2,2,7,10,6,5,5,8,7,1,1,1,1,1,8,9,6,10,0,0,8
reelStrip6=
reelStripBonus1=1,1,5,5,3,3,9,1,1,1,1,1,8,9,5,5,13,8,10,3,3,9,5,5,13,3,3,9,10,8,5,5,9,10,8,1,1,9,3,3,10,5,5,9,8,3,3,10,9,8,5,5,3,3,8,10,9,5,5,3,3,9,10,8,1,1,1,1,1,8,9,5,5,3,3,9,10,8,5,5,3,3,8,9,10,5,5,8,9,10,3,3,8,1,1,1,1,1,3,3,10,5,5,1,1,10,9,8,5,5,10,1,1,3,3,5,5,8,10,3,3,5,5,10,13,8,9,3,3,5,5,9,8,3,3,10,9,5,5,3,3,9,8,10,13,5,5,8,10,3,3,5,5,10,9,8,3,3,10
reelStripBonus2=2,2,4,4,7,6,2,2,9,4,4,7,6,9,13,4,4,7,6,9,13,4,4,7,9,6,2,2,7,9,6,4,4,7,2,2,6,4,4,9,2,2,6,7,4,4,2,2,7,9,4,4,2,2,6,9,7,4,4,6,2,2,2,2,2,7,9,6,4,4,7,13,9,6,2,2,7,9,4,4,6,7,9,2,2,2,2,2,6,9,7,4,4,6,9
reelStripBonus3=2,2,2,2,2,10,7,8,6,1,1,5,5,3,3,6,8,13,10,7,5,5,6,3,3,7,2,2,2,2,2,10,4,4,3,3,7,6,5,5,1,1,1,1,1,3,3,6,7,10,13,3,3,5,5,10,7,8,6,3,3,5,5,10,8,4,4,3,3,8,10,13,6,7,3,3,10,6,4,4,5,5,6,10,3,3,7,8,10,6,4,4,8,7,10,6,2,2,3,3,7,10,13,4,4,7,10,1,1,4,4,5,5,10,8,7,3,3,10,5,5,8,6,7,10,3,3,8,6,7,4,4,3,3,5,5,10,7,8,3,3,6,10,7,8,2,2,10,6,7,8,3,3,4,4,13,8,6,7,10,3,3,8,6,1,1,1,1,1,10,3,3,4,4,7,6,3,3,8,10,7
reelStripBonus4=8,9,3,3,4,4,8,10,9,3,3,7,8,13,10,9,5,5,8,7,4,4,6,8,9,7,3,3,6,13,7,9,8,3,3,6,0,4,4,10,7,9,8,3,3,6,9,13,10,7,8,9,2,2,5,5,7,8,9,10,0,5,5,9,7,8,10,3,3,2,2,9,10,6,4,4,9,7,5,5,6,10,3,3,13,9,7,6,8,3,3,9,5,5,7,6,4,4,10,9,1,1,8,5,5,7,10,2,2,2,2,2,6,10,9,7,1,1,8,10,6,7,4,4,9,8,10,6,1,1,1,1,1,8,7,6,10,5,5,8,13,6,7,10,9,5,5,8,6,7,10,0,0,6,7,9,4,4,1,1,1,1,1,8,6,10,9,5,5,8,10,9,6,3,3,7,10,6,4,4,8,10,2,2,2,2,2,7,6,10,9,4,4,6,10
reelStripBonus5=9,10,5,5,4,4,13,6,8,10,5,5,7,3,3,8,1,1,9,10,8,4,4,9,7,3,3,8,13,7,9,10,6,5,5,8,3,3,13,9,7,5,5,8,10,6,7,5,5,10,6,3,3,7,0,6,10,9,7,2,2,2,2,2,9,6,10,7,5,5,6,10,13,8,7,4,4,6,9,3,3,10,7,6,9,4,4,3,3,8,10,4,4,3,3,7,10,4,4,9,3,3,10,1,1,1,1,1,9,10,8,6,13,9,4,4,5,5,8,9,7,2,2,3,3,9,6,7,1,1,8,9,7,6,0,8,4,4,7,6,5,5,9,10,8,6,4,4,10,7,9,6,4,4,8,10,9,2,2,8,5,5,9,10,6,2,2,2,2,2,7,10,6,5,5,8,7,1,1,1,1,1,8,9,6,10,0,0,8
reelStripBonus6=