reelStrip1=5, 9, 6, 2, 8, 1, 7, 9, 5, 3, 4, 8, 2, 7, 9, 6, 1, 8, 3, 5, 0, 6, 2, 8, 4, 5, 9, 7, 1, 6, 3, 5, 2, 4, 9, 8, 1, 6, 0, 5, 3, 8, 10, 7, 2, 6, 4, 9, 7, 3, 0, 6, 1, 8, 0, 7, 4, 5, 3, 8, 7, 9, 6, 2, 5, 0, 10, 7, 4, 6, 3, 8, 9, 5, 7, 2, 4, 8, 1, 6, 3, 7, 0, 4, 1, 6, 5, 2, 7, 8, 3, 4, 9, 6, 1, 8, 2, 7, 9, 5, 3, 1, 7, 9, 6, 4, 2, 8, 0, 7, 4, 6, 3, 8, 9, 5, 7, 10, 4, 8, 3, 6, 5, 7, 9, 8, 10, 6
reelStrip2=5, 9, 4, 2, 8, 1, 7, 9, 5, 3, 4, 8, 2, 7, 9, 6, 1, 8, 3, 5, 7, 6, 2, 8, 4, 5, 9, 7, 1, 6, 3, 5, 2, 4, 9, 8, 1, 6, 0, 5, 3, 8, 10, 7, 2, 6, 4, 9, 7, 3, 0, 6, 1, 8, 0, 7, 4, 5, 3, 8, 7, 9, 6, 2, 5, 0, 10, 7, 4, 6, 0, 8, 9, 5, 7, 2, 4, 8, 1, 6, 3, 7, 0, 8, 1, 6, 5, 2, 7, 8, 3, 4, 9, 6, 1, 8, 2, 7, 9, 5, 3, 8, 7, 9, 6, 4, 2, 8, 9, 7, 4, 6, 3, 8, 9, 5, 7, 10, 4, 8, 3, 6, 5, 7, 9, 8, 10, 6
reelStrip3=5, 9, 4, 2, 8, 1, 7, 9, 5, 3, 4, 8, 2, 7, 9, 6, 1, 8, 3, 5, 7, 6, 2, 8, 4, 5, 9, 7, 1, 6, 3, 5, 2, 4, 9, 8, 1, 6, 0, 5, 3, 8, 10, 7, 0, 6, 4, 9, 7, 3, 5, 6, 1, 8, 0, 7, 4, 5, 3, 8, 7, 9, 6, 2, 5, 8, 10, 7, 4, 6, 0, 8, 9, 5, 7, 2, 4, 8, 0, 6, 3, 7, 0, 8, 1, 6, 5, 2, 7, 8, 3, 4, 9, 6, 1, 8, 2, 7, 9, 5, 3, 8, 7, 9, 6, 4, 2, 8, 9, 7, 4, 6, 3, 8, 9, 5, 7, 10, 4, 8, 3, 6, 5, 7, 9, 8, 10, 6
reelStrip4=5, 9, 4, 2, 8, 1, 7, 9, 5, 3, 4, 8, 2, 7, 9, 6, 1, 8, 3, 5, 7, 6, 2, 8, 4, 5, 9, 7, 1, 6, 3, 5, 2, 4, 9, 8, 1, 6, 0, 5, 3, 8, 10, 7, 0, 6, 4, 9, 7, 3, 5, 6, 1, 8, 9, 7, 4, 5, 3, 8, 7, 9, 6, 2, 5, 8, 9, 7, 4, 6, 0, 8, 9, 5, 7, 2, 4, 8, 0, 6, 3, 7, 9, 8, 0, 6, 5, 2, 7, 8, 3, 4, 9, 6, 1, 8, 2, 7, 9, 5, 3, 8, 7, 9, 6, 4, 2, 8, 9, 7, 4, 6, 3, 8, 9, 5, 7, 10, 4, 8, 3, 6, 5, 7, 9, 8, 10, 6
reelStrip5=5, 9, 4, 2, 8, 1, 7, 9, 5, 3, 4, 8, 2, 7, 9, 6, 1, 8, 3, 5, 7, 6, 2, 8, 4, 5, 9, 7, 1, 6, 3, 5, 2, 4, 9, 8, 1, 6, 9, 5, 3, 8, 10, 7, 9, 6, 4, 9, 7, 3, 5, 6, 1, 8, 9, 7, 4, 5, 3, 8, 7, 9, 6, 2, 5, 0, 9, 7, 4, 6, 0, 8, 9, 5, 7, 2, 4, 8, 9, 6, 3, 7, 9, 8, 0, 6, 5, 2, 7, 8, 3, 4, 9, 6, 0, 8, 2, 7, 9, 5, 3, 8, 7, 9, 6, 4, 2, 8, 9, 7, 4, 6, 3, 8, 9, 5, 7, 10, 4, 8, 3, 6, 5, 7, 9, 8, 10, 6
reelStrip6=
reelStripBonus1=5, 9, 6, 2, 8, 1, 7, 9, 5, 3, 4, 8, 2, 7, 9, 6, 1, 8, 3, 5, 0, 6, 2, 8, 4, 5, 9, 7, 1, 6, 3, 5, 2, 4, 9, 8, 1, 6, 0, 5, 3, 8, 10, 7, 2, 6, 4, 9, 7, 3, 0, 6, 1, 8, 0, 7, 4, 5, 3, 8, 7, 9, 6, 2, 5, 0, 10, 7, 4, 6, 3, 8, 9, 5, 7, 2, 4, 8, 1, 6, 3, 7, 0, 4, 1, 6, 5, 2, 7, 8, 3, 4, 9, 6, 1, 8, 2, 7, 9, 5, 3, 1, 7, 9, 6, 4, 2, 8, 0, 7, 4, 6, 3, 8, 9, 5, 7, 10, 4, 8, 3, 6, 5, 7, 9, 8, 10, 6
reelStripBonus2=5, 9, 4, 2, 8, 1, 7, 9, 5, 3, 4, 8, 2, 7, 9, 6, 1, 8, 3, 5, 7, 6, 2, 8, 4, 5, 9, 7, 1, 6, 3, 5, 2, 4, 9, 8, 1, 6, 0, 5, 3, 8, 10, 7, 2, 6, 4, 9, 7, 3, 0, 6, 1, 8, 0, 7, 4, 5, 3, 8, 7, 9, 6, 2, 5, 0, 10, 7, 4, 6, 0, 8, 9, 5, 7, 2, 4, 8, 1, 6, 3, 7, 0, 8, 1, 6, 5, 2, 7, 8, 3, 4, 9, 6, 1, 8, 2, 7, 9, 5, 3, 8, 7, 9, 6, 4, 2, 8, 9, 7, 4, 6, 3, 8, 9, 5, 7, 10, 4, 8, 3, 6, 5, 7, 9, 8, 10, 6
reelStripBonus3=5, 9, 4, 2, 8, 1, 7, 9, 5, 3, 4, 8, 2, 7, 9, 6, 1, 8, 3, 5, 7, 6, 2, 8, 4, 5, 9, 7, 1, 6, 3, 5, 2, 4, 9, 8, 1, 6, 0, 5, 3, 8, 10, 7, 0, 6, 4, 9, 7, 3, 5, 6, 1, 8, 0, 7, 4, 5, 3, 8, 7, 9, 6, 2, 5, 8, 10, 7, 4, 6, 0, 8, 9, 5, 7, 2, 4, 8, 0, 6, 3, 7, 0, 8, 1, 6, 5, 2, 7, 8, 3, 4, 9, 6, 1, 8, 2, 7, 9, 5, 3, 8, 7, 9, 6, 4, 2, 8, 9, 7, 4, 6, 3, 8, 9, 5, 7, 10, 4, 8, 3, 6, 5, 7, 9, 8, 10, 6
reelStripBonus4=5, 9, 4, 2, 8, 1, 7, 9, 5, 3, 4, 8, 2, 7, 9, 6, 1, 8, 3, 5, 7, 6, 2, 8, 4, 5, 9, 7, 1, 6, 3, 5, 2, 4, 9, 8, 1, 6, 0, 5, 3, 8, 10, 7, 0, 6, 4, 9, 7, 3, 5, 6, 1, 8, 9, 7, 4, 5, 3, 8, 7, 9, 6, 2, 5, 8, 9, 7, 4, 6, 0, 8, 9, 5, 7, 2, 4, 8, 0, 6, 3, 7, 9, 8, 0, 6, 5, 2, 7, 8, 3, 4, 9, 6, 1, 8, 2, 7, 9, 5, 3, 8, 7, 9, 6, 4, 2, 8, 9, 7, 4, 6, 3, 8, 9, 5, 7, 10, 4, 8, 3, 6, 5, 7, 9, 8, 10, 6
reelStripBonus5=5, 9, 4, 2, 8, 1, 7, 9, 5, 3, 4, 8, 2, 7, 9, 6, 1, 8, 3, 5, 7, 6, 2, 8, 4, 5, 9, 7, 1, 6, 3, 5, 2, 4, 9, 8, 1, 6, 9, 5, 3, 8, 10, 7, 9, 6, 4, 9, 7, 3, 5, 6, 1, 8, 9, 7, 4, 5, 3, 8, 7, 9, 6, 2, 5, 0, 9, 7, 4, 6, 0, 8, 9, 5, 7, 2, 4, 8, 9, 6, 3, 7, 9, 8, 0, 6, 5, 2, 7, 8, 3, 4, 9, 6, 0, 8, 2, 7, 9, 5, 3, 8, 7, 9, 6, 4, 2, 8, 9, 7, 4, 6, 3, 8, 9, 5, 7, 10, 4, 8, 3, 6, 5, 7, 9, 8, 10, 6
reelStripBonus6=