reelStrip1=6,9,8,4,10,5,7,9,11,10,6,9,8,3,10,5,7,9,2,10,4,9,8,1,10,6,5,9,11,10,3,9,6,7,10,4,8,9,5,10,1,9,7,6,10,3,8,9,7,10,5,9,8,4,10,6,7,9,2,10,5,9,8,3,10,6,8,4,7,10,5,8,9,11,10,6,9,8,3,10,7,5,9,2,10,6,9,5,4,10,3,7,9,6,10,5,9,8,7,10
reelStrip2=10,8,9,7,10,6,9,11,10,8,9,7,10,4,9,8,10,7,9,5,10,6,9,8,10,7,9,1,10,8,9,7,10,0,9,2,8,10,7,9,5,10,8,9,6,10,7,9,8,10,4,11,9,7,10,8,9,3,7,10,8,9,6,10,7,8,9,0,10,5,1,8,9,7,11,10,4,9,8,10,7,9,5,10,7,9,8,10,0,9,3,10,8,9,2,10,7,6,9,5
reelStrip3=3,7,6,9,8,5,4,6,11,8,9,7,10,5,8,6,10,7,9,8,4,2,10,6,8,5,3,7,9,8,10,7,0,10,8,6,9,7,10,8,3,7,10,5,8,9,6,10,4,7,1,11,6,9,8,5,10,7,3,8,4,7,5,9,8,6,0,9,10,8,2,10,7,9,8,1,7,5,9,8,4,6,7,9,8,3,7,5,11,8,10,6,7,4,8,10,7,5,9,8
reelStrip4=10,8,9,7,10,6,9,11,10,8,9,7,10,4,9,1,8,7,9,5,10,6,2,8,10,7,6,3,10,8,9,7,10,0,9,2,8,10,7,9,5,10,1,9,6,10,7,9,8,10,4,11,9,7,10,8,9,3,7,10,8,9,6,10,7,8,9,0,10,5,1,8,9,7,11,10,4,9,8,10,7,9,5,10,7,9,8,10,0,9,3,10,8,9,2,10,7,6,9,5
reelStrip5=6,9,8,4,10,5,7,9,11,10,6,9,8,3,10,5,7,9,2,10,4,9,8,1,10,7,5,9,11,10,3,9,6,7,10,4,8,9,5,10,1,9,7,6,10,3,8,9,7,10,5,9,8,4,10,6,7,9,2,10,5,9,8,3,10,6,8,4,7,10,5,8,9,11,10,6,9,8,3,10,7,5,9,2,10,6,9,8,4,10,3,7,9,6,10,5,9,8,7,10
reelStrip6=
reelStripBonus1=
reelStripBonus2=
reelStripBonus3=
reelStripBonus4=
reelStripBonus5=
reelStripBonus6=