reelStrip1=4,1,7,0,3,5,6,2,0,3,4,1,0,3,4,2,9,5,1,3,7,0,4,11,6,0,2,1,8,0
reelStrip2=9,4,1,5,7,4,0,5,6,1,9,5,10,2,1,3,4,9,2,5,7,3,11,5,6,1,5,6,0,2
reelStrip3=6,7,3,7,6,11,4,7,3,6,4,7,3,9,0,7,11,6,0,9,2,4,1,3,5,8,2,1,5,8
reelStrip4=4,3,6,1,9,5,6,1,11,2,6,1,9,3,6,10,0,1,2,0,8,2,9,0,6,3,9,0,8,2
reelStrip5=9,0,5,6,1,7,0,6,5,8,1,6,5,1,2,0,1,4,8,11,0,9,4,2,3,9,4,8,0,7,3
reelStrip6=
reelStripBonus1=4,1,7,0,3,5,6,2,0,3,4,1,0,3,4,2,9,5,1,3,7,0,4,11,6,0,2,1,8,0
reelStripBonus2=9,4,1,5,7,4,0,5,6,1,9,5,10,2,1,3,4,9,2,5,7,3,11,5,6,1,5,6,0,2
reelStripBonus3=6,7,3,7,6,11,4,7,3,6,4,7,3,9,0,7,11,6,0,9,2,4,1,3,5,8,2,1,5,8
reelStripBonus4=4,3,6,1,9,5,6,1,11,2,6,1,9,3,6,10,0,1,2,0,8,2,9,0,6,3,9,0,8,2
reelStripBonus5=9,0,5,6,1,7,0,6,5,11,8,1,6,5,1,2,0,1,4,8,0,9,4,2,3,9,4,8,0,7,3
reelStripBonus6=