reelStrip1=9,4,3,9,7,4,9,8,7,9,10,6,5,8,9,7,3,8,4,7,10,2,4,8,7,3,10,8,7,10,4,5,10,9,6,9,4,3,9,7,5,11,8,3,9,10,5,1,10,9,4,0,8,7,3,8,4,7,10,2,4,8,7,3,10,8,7,10,4,5,10,9,6,9,4,3,9,7,5,11
reelStrip2=9,2,4,9,6,3,10,9,2,6,10,4,7,10,6,1,10,5,6,9,4,2,9,8,6,9,0,8,5,11,8,2,5,8,1,10,4,8,10,3,8,4,7,10,2,4,8,7,3,10,8,7,10,4,5,10,9,6,9,4,3,9,7,5,11,5,6,10,8,7,9,6,8,10,9,2,5,11
reelStrip3=5,7,10,3,4,10,7,9,10,4,8,3,7,9,5,6,9,7,1,9,5,3,8,3,8,4,7,10,2,4,8,7,3,10,8,7,10,4,5,10,9,6,9,4,3,9,7,5,11,4,5,0,9,2,7,4,8,10,7,3,8,9,4,10,8,1,7,5,8,10,6,7,9,4,7,10,3,11
reelStrip4=9,5,8,7,9,2,7,8,9,1,7,5,9,8,2,4,6,8,3,4,8,10,9,4,2,0,5,10,8,9,2,6,7,10,5,9,8,6,10,9,2,8,6,10,4,8,9,6,7,11,9,5,8,7,9,2,11
reelStrip5=9,7,8,9,5,7,9,8,6,3,3,8,4,7,10,2,4,8,7,3,10,8,7,10,4,5,10,9,6,9,4,3,9,7,5,11,7,9,2,8,4,5,9,6,1,8,4,10,6,9,2,0,5,9,7,8,2,9,6,4,9,5,7,1,10,4,9,8,7,6,9,10,3,9,11
reelStrip6=
reelStripBonus1=
reelStripBonus2=
reelStripBonus3=
reelStripBonus4=
reelStripBonus5=
reelStripBonus6=