reelStrip1=8,8,8,3,3,3,2,2,2,7,7,7,1,2,2,2,3,3,3,7,7,7,5,5,5,4,4,4,7,7,7,5,5,5,1,6,6,6,3,3,3,6,6,6,5,5,5,2,2,2,3,3,3,6,6,6,4,4,4,5,5,5,6,6,6,2,2,2,1,3,3,3,4,4,7,7,7,2,2,2
reelStrip2=8,8,8,2,2,2,3,3,3,4,4,4,3,3,3,4,4,4,1,7,7,7,3,3,3,4,4,4,7,7,7,5,5,5,6,6,6,7,7,7,3,3,3,4,4,4,5,5,5,7,7,7,2,2,2,3,3,3,5,5,5,6,6,6,2,2,2,4,4,4,1,2,2,2,5,5,5,6,6,6,2,2,2,5,5,5
reelStrip3=8,8,8,3,3,3,7,7,7,4,4,4,6,6,6,4,4,4,1,2,2,2,4,4,4,6,6,6,4,4,4,6,6,6,2,2,2,4,4,4,5,5,5,7,7,7,6,6,6,5,5,2,2,2,3,3,3,5,5,5,3,3,3,7,7,7,2,2,2,1,3,3,3,6,6,6
reelStrip4=8,8,8,2,2,2,4,4,4,1,7,7,4,4,4,4,5,5,2,2,2,6,6,6,5,5,5,6,6,6,7,7,5,5,5,7,7,6,6,6,6,6,6,7,7,7,3,3,4,2,2,3,3,3,3,5,5,5,7,7,5,5,5,7,7,6,6,6,6,5,5,5,4,3,3,1,5,5,5,6,6,6,4,4,4
reelStrip5=8,8,8,2,2,2,3,3,3,5,5,5,1,6,6,6,4,4,4,5,5,5,2,2,2,3,3,3,2,2,3,5,5,5,7,7,7,2,2,2,4,4,4,6,6,6,5,5,5,2,2,2,7,7,7,3,3,3,4,4,4,2,2,2,4,4,4,2,2,4,4,4,4,1,3,3,3,4,4,4,6,6,6,4,4,4,3,3,3,6,6,6,3,3,3
reelStrip6=
reelStripBonus1=
reelStripBonus2=
reelStripBonus3=
reelStripBonus4=
reelStripBonus5=
reelStripBonus6=