reelStrip1=5,10,4,8,6,3,9,7,2,5,10,3,6,9,4,12,7,8,1,9,10,2,7,5,4,9,6,10,3,8,9,4,7,10,3,8,6,2,9,5,11,6,8,1,7,10,2,5,8,12
reelStrip2=5,10,4,8,2,6,9,3,7,9,12,10,1,9,7,4,8,3,5,10,0,7,4,6,9,3,10,8,2,6,4,7,10,3,8,1,6,5,9,7,12,6,5,2,9,5,1,8,0
reelStrip3=5,10,4,8,2,9,3,6,7,12,2,6,4,9,3,8,2,5,0,4,6,3,7,4,9,3,10,2,4,8,1,7,3,1,8,4,5,1,10, 3
reelStrip4=5,10,4,8,6,3,7,4,5,1,10,2,9,7,4,8,6,3,5,2,6,4,1,9,3,8,10,2,5,4,0,7,10,3,8,6,12,9,7,0
reelStrip5=5,10,4,8,6,3,5,9,7,3,9,5,4,9,7,3,8,6,1,9,10,4,7,3,10,2,8,10,5,1,6,7,2,10,3,8,6,7,2,9,5,4,7,11,5,4,8,12,6
reelStrip6=
reelStripBonus1=5,10,4,8,6,3,9,7,2,5,10,3,6,9,4,12,7,8,1,9,10,2,7,5,4,9,6,10,3,8,9,4,7,10,3,8,6,2,9,7,5,6,8,1,7,10,2,5,8,12
reelStripBonus2=5,10,4,8,2,6,9,3,7,9,12,10,1,9,7,4,8,3,5,10,0,7,4,6,9,3,10,8,2,9,4,7,10,3,8,1,6,5,2,7,12,6,1,2,6,5,1,8,0
reelStripBonus3=5,10,4,8,2,9,1,6,7,12,10,6,2,9,6,1,8,5,0,10,6,1,7,4,9,3,10,8,2,9,4,7,3,5,8,4,5,10,7,3
reelStripBonus4=5,10,4,8,6,3,9,4,5,1,10,2,9,7,4,8,6,3,5,2,6,1,7,9,1,8,10,2,5,9,0,7,10,3,8,6,12,9,7,0
reelStripBonus5=5,1,4,8,6,3,5,9,7,3,9,5,4,9,7,3,8,6,1,9,10,4,7,3,10,2,8,10,9,1,6,7,2,10,3,8,1,7,2,10,5,4,6,2,5,4,8,12,6
reelStripBonus6=