reelStrip1=5,7,3,3,3,11,11,4,9,2,2,10,7,8,9,4,10,5,9,11,10,7,5,6,8,3,10,10,9
reelStrip2=11,8,10,3,3,3,11,9,11,4,7,4,2,2,7,10,10,11,1,8,6,8,11,3,5,6,3
reelStrip3=4,10,3,3,3,11,9,10,6,7,11,7,2,2,8,4,8,3,6,9,10,9,1,5,2,2,3,5,9,2,2,8,8
reelStrip4=8,7,7,9,9,9,2,2,11,10,1,9,6,5,4,5,8,8,10,4,3,3,3,11,11,6,2,2,11
reelStrip5=8,4,2,2,8,7,6,3,3,3,11,10,8,11,4,10,11,9,3,10,5,10,9,6,9,9,7,5,7
reelStrip6=
reelStripBonus1=9,10,10,11,2,2,9,10,14,14,9,11,8,5,9,5,11,9,7,6,7,14,14,7,10,4
reelStripBonus2=8,8,14,14,11,11,5,4,6,14,14,11,5,7,10,10,6,11,10,4,9,2,2,9
reelStripBonus3=8,2,2,14,14,10,7,9,11,8,10,9,14,14,9,7,4,6,6,5,7,10
reelStripBonus4=2,2,14,14,11,6,7,4,5,10,14,14,6,11,9,8,7,8,9,8,4,6,10
reelStripBonus5=11,14,14,7,9,11,7,5,5,4,9,9,10,6,2,2,14,14,7,11,8,6,8,10,9
reelStripBonus6=