reelStrip1=2,5,3,9,1,1,1,0,0,0,0,5,4,7,2,2,2,1,6,3,3,3,2,5,0,4,4,4,2,1,9,4,3,5,5,5,3,2,1,6,6,6,4,5,7,3,5,9,6,1,2
reelStrip2=6,2,0,5,1,1,1,5,4,9,7,2,2,2,1,6,8,3,3,3,0,2,5,8,4,4,4,8,2,1,4,3,5,5,5,3,0,0,0,0,0,2,1,8,6,6,6,4,5,7,3,8,8,8,5,6,1,2
reelStrip3=5,4,3,0,1,1,1,5,4,7,2,2,2,1,6,8,3,9,3,3,2,5,8,4,4,4,8,2,1,4,3,5,5,5,0,0,0,0,3,2,1,8,6,6,6,4,5,9,7,3,8,8,8,5,6,1,2
reelStrip4=8,6,1,1,1,5,4,7,2,2,2,0,0,0,0,1,6,8,3,3,3,2,5,8,4,4,4,0,8,2,1,4,3,5,5,5,3,2,9,1,8,6,6,6,4,0,5,7,3,8,8,8,5,6,1,2
reelStrip5=1,1,1,5,4,7,0,0,0,0,2,2,2,1,6,3,3,3,9,2,5,0,4,4,4,2,1,4,3,0,5,5,5,3,2,1,6,6,6,4,5,7,3,0,5,6,1,2
reelStrip6=
reelStripBonus1=
reelStripBonus2=
reelStripBonus3=
reelStripBonus4=
reelStripBonus5=
reelStripBonus6=