reelStrip1=3, 6, 5, 8, 7, 9, 3, 6, 1, 4, 5, 10, 6, 7, 8, 4, 3, 6, 7, 10, 8, 4, 2, 3, 7, 4, 6, 0, 4, 7, 5, 6, 7, 1, 5, 8, 6, 7, 5, 0, 3, 4, 5
reelStrip2=1, 2, 3, 0, 4, 5, 8, 6, 7, 8, 1, 9, 2, 3, 4, 0, 8, 3, 4, 8, 10, 4, 8, 3, 4, 1, 2, 3, 1, 2, 0, 4, 2, 0, 1, 3, 4, 8, 1, 2, 0
reelStrip3=5, 7, 8, 6, 9, 2, 1, 5, 7, 0, 8, 2, 5, 6, 7, 8, 2, 3, 6, 4, 7, 8, 6, 7, 8, 5, 6, 7, 5, 6, 8, 2, 5, 6, 7, 5, 6, 7, 8, 10
reelStrip4=0, 4, 5, 8, 6, 7, 8, 4, 9, 7, 1, 2, 3, 5, 6, 1, 7, 2, 3, 4, 5, 6, 7, 8, 5, 6, 7, 8, 1, 2, 5, 6, 3, 7, 8, 3, 4, 5, 6, 7, 8
reelStrip5=1, 2, 3, 5, 4, 6, 7, 8, 1, 5, 2, 3, 1, 4, 5, 6, 7, 2, 8, 3, 2, 4, 5, 6, 9, 7, 8, 2, 3, 4, 6, 7, 8, 1, 0, 2, 1, 3, 4
reelStrip6=
reelStripBonus1=3, 6, 5, 8, 7, 9, 3, 6, 1, 4, 5, 10, 6, 7, 8, 4, 3, 6, 7, 10, 8, 4, 2, 3, 7, 4, 6, 0, 4, 7, 5, 6, 7, 1, 5, 8, 6, 7, 5, 0, 3, 4, 5, 9
reelStripBonus2=1, 2, 3, 0, 4, 5, 8, 6, 7, 8, 1, 9, 2, 3, 4, 0, 8, 3, 4, 8, 10, 4, 8, 3, 4, 1, 2, 3, 1, 2, 0, 4, 2, 0, 1, 3, 4, 8, 9, 1, 2, 0
reelStripBonus3=5, 7, 8, 6, 9, 2, 1, 5, 7, 0, 8, 2, 5, 6, 7, 8, 2, 3, 6, 4, 7, 8, 6, 7, 8, 5, 6, 7, 5, 6, 8, 2, 5, 6, 9, 7, 5, 6, 7, 8, 10
reelStripBonus4=0, 4, 5, 8, 6, 7, 8, 4, 9, 7, 1, 2, 3, 5, 6, 1, 7, 2, 3, 4, 5, 6, 7, 8, 5, 6, 7, 8, 1, 2, 5, 6, 3, 7, 8, 3, 4, 5, 6, 7, 8
reelStripBonus5=1, 2, 3, 5, 4, 6, 7, 8, 1, 5, 2, 3, 1, 4, 5, 6, 7, 2, 8, 3, 2, 4, 5, 6, 9, 7, 8, 2, 3, 4, 6, 7, 8, 1, 0, 2, 1, 3, 4
reelStripBonus6=