reelStrip1=5,2,4,10,0,4,0,9,1,1,7,2,3,0,4,1,2,4,0,5,3,2,10,6,0,0,9,4,0,2,2,4,10,3
reelStrip2=4,2,3,4,9,4,0,6,3,1,1,1,1,3,5,8,1,3,5,2,1,6,8,2,1,6,4,2,5,3
reelStrip3=10,6,0,0,4,9,5,1,1,5,7,3,2,8,7,3,2,5,10,0,4,6,8,0,4,6,1,6,0,10,0,5,2
reelStrip4=4,5,2,7,1,1,3,3,8,6,5,0,0,3,4,1,6,2,7,3,0,0,9,5,4,1,6,6,3,5
reelStrip5=5,2,6,4,10,3,1,7,1,7,2,0,4,2,4,10,6,3,3,2,1,6,2,4,0,10,4,4,4,9,2,4,1
reelStrip6=
reelStripBonus1=1,3,0,0,5,4,3,3,3,4,1,4,2,5,0,3,3,0,3,1,6,2,5,5,4,2,5,4,2,5
reelStripBonus2=4,3,2,8,4,3,2,3,7,2,8,3,7,2,2,4,4,3,4,0,0,3,6,8,0,3,6,4,0,0
reelStripBonus3=1,5,0,8,1,5,0,2,6,1,8,2,6,1,7,3,1,8,7,3,1,2,6,4,1,1,1,5,0,6
reelStripBonus4=6,4,2,5,1,3,6,4,8,3,6,4,7,1,5,7,1,5,2,7,5,0,3,2,0,3,7,2,1,4
reelStripBonus5=7,2,6,0,0,0,7,3,0,6,6,6,2,7,1,6,0,0,0,3,6,0,2,6,1,7,2,3,6,0
reelStripBonus6=