reelStrip1=8,8,8,6,6,6,3,3,8,8,8,5,5,7,7,7,8,8,8,0,4,4,5,5,8,8,8,6,6,6,5,5,5,7,7,7,8,8,8,5,5,3,3,4,4,8,8,8,7,7,7,6,6,8,8,8,7,7,7,5,5,8,8,8,6,6,6,7,7,7,8,8,8,5,5,4,4,8,8,8,6,6,6,7,7,7,8,8,8,6,6,6,5,5,5,4,4,6,6,3,3,3,5,5,5,6,6,6,7,7,7,0,4,4,4,6,6,3,3,8,8,8,6,6,5,5,7,7,7,4,4,8,8,8,7,7,7,5,5,5,8,8,8,6,6,4,4,4,7,7,7,8,8,8,5,5,5,7,7,7,4,4,6,6,6,7,7,7,4,4,6,6,6,5,5,3,3,3,8,8,8,6,6,6,5,5,8,8,8,4,4,5,5,5,8,8,8,6,6,5,5,8,8,8,7,7,7,6,6,6,8,8,8,4,4,6,6,3,3,8,8,8,6,6,6
reelStrip2=8,8,8,5,5,5,3,3,3,6,6,6,5,5,5,8,8,8,4,4,6,6,7,7,7,4,4,3,3,5,5,5,6,6,6,8,8,8,5,5,3,3,4,4,4,8,8,8,7,7,7,3,3,6,6,6,7,7,7,5,5,5,4,4,4,7,7,7,6,6,6,3,3,8,8,8,5,5,5,6,6,6,7,7,7,5,5,8,8,8,6,6,6,7,7,7,0,8,8,8,7,7,7,5,5,6,6,6,8,8,8,0,7,7,7,5,5,5,3,3,6,6,5,5,7,7,7,3,3,5,5,5,7,7,7,8,8,8,6,6,6,5,5,4,4,6,6,5,5,5,7,7,7,4,4,5,5,8,8,8,7,7,7,3,3,4,4,4,7,7,7,6,6,6,4,4,7,7,7,3,3,3,5,5,6,6,7,7,7,5,5,5,6,6,6,7,7,7,3,3,5,5,5,4,4,7,7,7,5,5,8,8,8,6,6,6,7,7,7,3,3,8,8,8,7,7,7,5,5,8,8,8,7,7,7,3,3,5,5,8,8,8,7,7,7,5,5,8,8,8,7,7,7,5,5
reelStrip3=6,6,6,6,0,5,5,5,5,8,8,8,7,7,7,7,8,8,8,3,3,3,7,7,7,7,0,6,6,6,5,5,5,3,3,3,3,5,5,5,0,7,7,7,7,6,6,6,8,8,8,8,7,7,7,3,3,3,3,6,6,6,6,7,7,7,7,6,6,6,3,3,3,8,8,8,8,7,7,7,7,0,8,8,8,8,5,5,5,6,6,6,6,7,7,7,5,5,5,4,4,4,8,8,8,7,7,7,7,6,6,6,6,4,4,4,8,8,8,8,5,5,5,0,4,4,4,4,6,6,6,6,8,8,8,7,7,7,7,8,8,8,8,7,7,7,7,3,3,3,3,5,5,5,5,8,8,8,7,7,7,7,8,8,8,8,0,5,5,5,6,6,6,6,8,8,8,8,4,4,4,4,0,8,8,8,8,0,4,4,4,4,8,8,8
reelStrip4=5,5,5,5,4,4,4,8,8,8,5,5,5,3,3,3,3,5,5,5,7,7,7,7,8,8,8,8,0,5,5,5,5,0,7,7,7,7,8,8,8,4,4,4,7,7,7,7,4,4,4,4,7,7,7,7,6,6,6,6,8,8,8,4,4,4,4,6,6,6,7,7,7,7,5,5,5,8,8,8,8,7,7,7,7,5,5,5,8,8,8,0,7,7,7,7,6,6,6,6,5,5,5,5,7,7,7,7,5,5,5,5,7,7,7,8,8,8,8,4,4,4,4,6,6,6,6,3,3,3,3,5,5,5,5,6,6,6,6,7,7,7,8,8,8,8,6,6,6,3,3,3,8,8,8,8,7,7,7,7,4,4,4,6,6,6,6,8,8,8,8,5,5,5,6,6,6,6,7,7,7,5,5,5,5,8,8,8,8,0,7,7,7,4,4,4,4,0,7,7,7,7,0,8,8,8,7,7,7,7,8,8,8,8,7,7,7
reelStrip5=3,3,3,3,3,7,7,7,7,7,6,6,6,6,6,0,8,8,8,8,8,7,7,7,7,7,4,4,4,4,4,5,5,5,5,5,7,7,7,7,7,0,6,6,6,6,6,8,8,8,8,8,7,7,7,7,7,0,8,8,8,8,8,6,6,6,6,6,5,5,5,5,5,8,8,8,8,8,4,4,4,4,4,8,8,8,8,8,7,7,7,7,7,8,8,8,8,8,4,4,4,4,4,3,3,3,3,3,0,5,5,5,5,5,0,6,6,6,6,6,3,3,3,3,3,7,7,7,7,7,8,8,8,8,8,5,5,5,5,5,4,4,4,4,4,7,7,7,7,7,8,8,8,8,8,0,5,5,5,5,5,4,4,4,4,4,6,6,6,6,6,5,5,5,5,5,3,3,3,3,3,6,6,6,6,6,3,3,3,3,3,8,8,8,8,8,5,5,5,5,5,7,7,7,7,7,3,3,3,3,3,0,7,7,7,7,7,8,8,8,8,8,6,6,6,6,6,4,4,4,4,4,6,6,6,6,6,7,7,7,7,7,8,8,8,8,8,4,4,4,4,4,6,6,6,6,6,7,7,7,7,7,8,8,8,8,8,0,7,7,7,7,7,8,8,8,8,8,7,7,7,7,7,8,8,8,8,8,6,6,6,6,6,7,7,7,7,7,5,5,5,5,5,7,7,7,7,7,8,8,8,8,8,5,5,5,5,5
reelStrip6=
reelStripBonus1=
reelStripBonus2=
reelStripBonus3=
reelStripBonus4=
reelStripBonus5=
reelStripBonus6=