reelStrip1=8,7,6,9,6,7,4,6,3,7,5,7,2,6,8,5,9,8,6,7,9,7,4,1,5,8,9,3,10,3,7,3,9,4,4,1,5,7,2,8,9,4,8,9,5,6,9,8,1,8,3,9,7,8,4,6,2
reelStrip2=3,1,9,8,6,3,1,4,6,0,5,7,9,6,8,5,9,4,9,7,0,9,4,9,5,1,2,8,10,1,6,8,2,0,6,3,5,6,9,8,10,2,4,7,5,8,7,3,10,1,8,2,6,4,6,7,8
reelStrip3=7,6,3,8,9,6,1,7,4,0,5,1,2,8,9,5,8,6,3,6,0,9,2,2,5,9,7,2,10,7,2,3,4,0,2,6,5,7,8,9,10,4,9,8,5,3,6,4,7,4,3,6,9,1,8,4,6
reelStrip4=7,9,7,1,9,6,1,6,3,0,5,8,8,7,4,5,8,6,2,1,0,3,6,7,3,9,8,7,10,4,3,7,1,0,4,7,3,2,5,3,10,6,7,8,5,1,2,4,10,6,9,4,9,8,4,3,8
reelStrip5=9,3,1,7,9,2,6,3,7,6,5,1,2,6,3,5,8,6,7,2,5,6,2,7,5,1,6,8,10,8,2,4,1,7,4,3,5,7,8,9,8,4,9,6,8,7,6,9,7,8,7,4,9,6,1,7,6
reelStrip6=
reelStripBonus1=8,7,6,9,6,7,4,6,3,7,5,7,2,6,8,5,9,8,6,7,9,7,4,1,5,8,9,3,10,3,7,3,9,4,4,1,5,7,2,8,9,4,8,9,5,6,9,8,1,8,3,9,7,8,4,6,2
reelStripBonus2=3,1,9,8,6,3,1,4,6,0,5,7,9,6,8,5,9,4,9,7,0,9,4,9,5,1,2,8,10,1,6,8,2,0,6,3,5,6,9,8,10,2,4,7,5,8,7,3,10,1,8,2,6,4,6,7,8
reelStripBonus3=7,6,3,8,9,6,1,7,4,0,5,1,2,8,9,5,8,6,3,6,0,9,2,2,5,9,7,2,10,7,2,3,4,0,2,6,5,7,8,9,10,4,9,8,5,3,6,4,7,4,3,6,9,1,8,4,6
reelStripBonus4=7,9,7,1,9,6,1,6,3,0,5,8,8,7,4,5,8,6,2,1,0,3,6,7,3,9,8,7,10,4,3,7,1,0,4,7,3,2,5,3,10,6,7,8,5,1,2,4,10,6,9,4,9,8,4,3,8
reelStripBonus5=9,3,1,7,9,2,6,3,7,6,5,1,2,6,3,5,8,6,7,2,5,6,2,7,5,1,6,8,10,8,2,4,1,7,4,3,5,7,8,9,8,4,9,6,8,7,6,9,7,8,7,4,9,6,1,7,6
reelStripBonus6=