reelStrip1=10,2,5,6,3,9,5,7,2,0,9,2,6,1,7,4,8,1,0,3
reelStrip2=10,3,1,8,4,3,9,2,4,8,7,4,11,3,0,6,4,3,5,9
reelStrip3=5,9,2,4,8,5,2,3,4,6,0,11,5,7,3,8,1,10,0,2
reelStrip4=7,0,11,1,5,9,0,8,3,2,10,1,6,11,4,2,10,1,0,3
reelStrip5=3,8,12,6,1,4,7,3,8,10,5,3,2,0,1,3,9,0,4,7
reelStrip6=
reelStripBonus1=10,2,5,6,3,9,5,7,2,0,9,2,6,1,7,4,8,1,0,3
reelStripBonus2=10,3,1,8,4,3,9,2,4,8,7,4,11,3,0,6,4,3,5,9
reelStripBonus3=5,9,2,4,8,5,2,3,4,6,0,11,5,7,3,8,1,10,0,2
reelStripBonus4=7,0,11,1,5,9,0,8,3,2,10,1,6,11,4,2,10,1,0,3
reelStripBonus5=3,8,12,6,1,4,7,3,8,10,5,3,2,0,1,3,9,0,4,7
reelStripBonus6=