reelStrip1=4, 0, 0, 0, 0, 1, 1, 1, 9, 2, 2, 2, 3, 3, 3, 8, 4, 4, 4, 4, 6, 6, 6, 6, 9, 7, 7, 7, 7, 8, 8, 8, 8, 3, 6, 5, 5, 5, 5, 6, 6, 4, 4, 4, 6
reelStrip2=4, 4, 4, 4, 7, 1, 1, 1, 1, 8, 0, 0, 0, 0, 2, 2, 2, 2, 7, 3, 3, 3, 3, 1, 5, 5, 5, 5, 6, 6, 6, 6, 5, 7, 7, 7, 7, 1, 8, 8, 8, 5, 5, 5, 3, 3, 3, 7, 2, 3, 4, 5, 6, 7, 4, 5, 6, 7
reelStrip3=1, 1, 1, 0, 0, 0, 2, 8, 9, 4, 3, 3, 3, 5, 5, 5, 5, 6, 7, 7, 7, 7, 8, 6, 6, 6, 6, 8, 4, 4, 4, 4, 6, 9, 6, 8, 8, 8, 8, 2, 2, 2, 2, 4, 8
reelStrip4=6, 6, 6, 6, 1, 0, 0, 0, 0, 4, 4, 4, 4, 7, 8, 8, 8, 8, 5, 1, 1, 1, 1, 7, 5, 5, 5, 5, 1, 3, 3, 3, 3, 5, 7, 7, 7, 7, 3, 3, 3, 3, 2, 2, 2, 2, 5, 7, 7, 1, 6, 7, 8, 8, 5, 5, 6, 7
reelStrip5=4, 7, 7, 7, 7, 3, 5, 5, 5, 5, 1, 6, 6, 6, 6, 7, 8, 8, 8, 8, 4, 9, 3, 3, 3, 3, 5, 4, 4, 4, 4, 5, 2, 2, 2, 9, 0, 0, 0, 7, 1, 1, 1, 1, 8
reelStrip6=
reelStripBonus1=1, 3, 9, 0, 6, 2, 4, 5, 6, 7, 8, 1, 2, 9, 3, 8, 4, 0, 5, 6, 7, 4, 5, 6, 7, 8, 1, 5, 7, 9, 8, 3, 0, 2
reelStripBonus2=0, 1, 7, 2, 8, 3, 4, 5, 6, 8, 0, 1, 2, 3, 7, 4, 5, 6, 8, 4, 7, 5, 6, 0, 1, 2, 3, 0, 1, 2, 3, 4
reelStripBonus3=2, 1, 5, 3, 4, 9, 0, 6, 5, 7, 8, 6, 5, 1, 2, 9, 7, 3, 5, 6, 8, 4, 0, 1, 8, 2, 3, 7, 4, 9, 8, 6, 7, 0
reelStripBonus4=1, 8, 2, 3, 4, 5, 6, 7, 8, 0, 1, 2, 3, 4, 5, 6, 7, 8, 4, 5, 2, 6, 7, 8, 5, 0, 6, 7, 3, 1, 2, 0, 3, 4
reelStripBonus5=1, 2, 3, 4, 0, 5, 6, 9, 7, 8, 1, 2, 3, 4, 5, 9, 0, 6, 7, 3, 1, 8, 4, 0, 2, 7, 5, 8, 6, 1, 2, 3, 0
reelStripBonus6=