reelStrip1=3, 3, 3, 3,1,3,6,2,1,4,7, 8, 8, 8, 8, 9, 8, 1, 1, 1,9,9,9,1,3,6,2,1,4,7, 2, 2, 2, 2, 2, 5, 5, 5, 5, 8, 6, 6, 6,1,3,6,2,1,4,7, 4, 4, 4, 4, 7, 7, 7
reelStrip2=6, 6, 2, 3, 1, 4, 4, 4, 4, 9, 4, 5, 5, 5, 5, 5,5,1,3,6,2,1,4,7, 2, 2, 2,8, 8, 8, 8, 8, 6, 6, 6, 6, 7, 7, 7, 7,9,9,9, 7, 5, 5, 4, 3, 3, 3, 1, 1, 1, 1, 2, 2, 3, 3, 6, 6
reelStrip3=3, 3,1,3,6,2,1,4,7, 5, 5, 5, 5, 7, 7,7, 2, 2, 3,9,9,9,1,3,6,2,1,4,7, 5, 5, 5, 5, 2, 2, 2, 4, 4, 4, 1, 6, 6, 6, 6, 8, 2, 2, 2, 3, 3, 3, 1, 1, 1, 1, 4, 4, 4, 7, 7, 7, 8, 8, 9
reelStrip4=
reelStrip5=
reelStrip6=
reelStripBonus1=
reelStripBonus2=
reelStripBonus3=
reelStripBonus4=
reelStripBonus5=
reelStripBonus6=