reelStrip1=6,4,6,1,1,0,8,0,3,3,4,6,4,9,8,2,1,5,5,7
reelStrip2=6,2,0,0,6,0,3,8,3,1,1,7,4,4,8,2,2,5,8,5
reelStrip3=3,6,9,2,2,8,3,3,7,4,4,10,6,0,0,5,8,5,1,1
reelStrip4=6,5,5,3,3,8,7,5,6,9,4,4,1,8,1,2,2,0,0,0
reelStrip5=6,1,5,7,5,8,0,0,3,6,3,4,8,2,6,2,3,9,1,1
reelStrip6=
reelStripBonus1=6,4,6,1,1,0,8,0,3,3,4,6,4,9,8,2,1,5,5,7
reelStripBonus2=6,2,0,0,6,0,3,8,3,1,1,7,4,4,8,2,2,5,8,5
reelStripBonus3=3,6,9,2,2,8,3,3,7,4,4,10,6,0,0,5,8,5,1,1
reelStripBonus4=6,5,5,3,3,8,7,5,6,9,4,4,1,8,1,2,2,0,0,0
reelStripBonus5=6,1,5,7,5,8,0,0,3,6,3,4,8,2,6,2,3,9,1,1
reelStripBonus6=