reelStrip1=6, 8, 4, 11, 4, 2, 9, 0, 7, 8, 0, 7, 9, 5, 11, 6, 5, 10, 4, 1, 8, 0, 2, 1, 0, 1, 5, 3, 12, 8, 5, 3, 9, 0, 7, 4, 7, 1, 5, 3
reelStrip2=6, 3, 8, 1, 9, 4, 9, 0, 3, 7, 4, 10, 8, 1, 3, 4, 6, 11, 3, 7, 4, 9, 8, 1, 9, 0, 6, 11, 3, 7, 4, 7, 1, 5, 2, 6, 0, 2, 5, 1
reelStrip3=1, 6, 2, 8, 3, 9, 5, 0, 4, 5, 4, 9, 7, 2, 8, 3, 9, 4, 0, 11, 5, 4, 3, 10, 6, 2, 1, 7, 2, 8, 3, 9, 4, 1, 3, 7, 6, 2, 7, 0
reelStrip4=3, 9, 7, 3, 1, 8, 0, 5, 11, 2, 9, 3, 7, 1, 8, 0, 6, 5, 11, 2, 9, 3, 7, 1, 8, 0, 2, 6, 4, 0, 2, 9, 3, 10, 1, 8, 0, 2, 4, 1
reelStrip5=9, 2, 7, 0, 8, 4, 11, 6, 3, 9, 4, 6, 9, 0, 7, 11, 8, 4, 1, 5, 3, 10, 9, 2, 7, 0, 8, 4, 0, 5, 13, 9, 2, 7, 4, 9, 1, 4, 0, 8
reelStrip6=
reelStripBonus1=3, 8, 11, 1, 7, 0, 9, 4, 6, 0, 2, 9, 5, 1, 11, 3, 9, 4, 6, 0, 2, 9, 1, 6, 11, 7, 4, 8, 0, 2, 5, 1, 5, 2, 1, 4, 8, 10, 3, 0
reelStripBonus2=1, 9, 0, 8, 2, 11, 3, 1, 11, 6, 1, 9, 0, 8, 2, 7, 6, 5, 11, 2, 4, 1, 9, 0, 8, 2, 5, 3, 1, 4, 7, 1, 9, 0, 10, 2, 4, 3, 6, 5
reelStripBonus3=9, 3, 2, 7, 6, 0, 4, 6, 5, 9, 3, 2, 7, 11, 0, 4, 1, 8, 0, 6, 3, 2, 7, 11, 0, 4, 1, 2, 8, 9, 5, 2, 7, 11, 0, 4, 10, 3, 5, 4
reelStripBonus4=5, 8, 6, 1, 9, 4, 6, 11, 0, 7, 3, 5, 1, 9, 4, 2, 10, 1, 6, 7, 0, 7, 3, 8, 5, 9, 4, 2, 11, 5, 7, 3, 8, 5, 9, 4, 2, 11, 6, 7
reelStripBonus5=5, 11, 4, 7, 3, 9, 2, 1, 4, 6, 8, 5, 4, 7, 3, 9, 2, 0, 8, 7, 11, 4, 7, 3, 9, 2, 1, 8, 10, 3, 4, 11, 3, 6, 2, 0, 6, 3, 7, 0
reelStripBonus6=