reelStrip1=2,5,7,3,4,5,1,4,2,7,4,5,3,2,5,7,3,4,5,0,1,4,2,3,4,6,5,3,2,0,6,1,2,5,0,1,4,2,1,4,6,4,0,1,4,2,3,4,5,3,2,4,5,3,2,8,6,0,1,4,0,1,3,5,1,4,2,7,4,2,5,6,4
reelStrip2=2,5,7,3,0,1,4,2,7,4,4,5,0,1,4,2,7,4,5,3,8,2,0,1,2,5,6,4,5,7,3,4,5,0,1,4,2,3,4,6,5,3,2,0,6,1,2,5,0,1,4,2,1,4,6,4,0,1,4,2,3,4,5,3,2,4,5,3,2,8,6,0,1,4
reelStrip3=2,5,7,3,4,5,6,1,4,2,7,4,0,1,4,2,7,4,5,3,2,0,1,2,3,6,4,5,7,3,4,5,0,1,4,2,3,4,8,6,5,3,2,0,6,1,2,5,0,1,4,2,1,4,6,4,0,1,4,2,3,4,5,3,2,4,5,3,2,8,6,0,1,4
reelStrip4=2,5,7,3,4,5,0,1,4,2,7,4,5,3,2,0,1,4,2,7,6,4,0,1,4,2,7,4,5,7,3,4,5,0,1,4,2,3,4,6,5,3,2,0,6,1,2,5,0,1,4,2,1,4,6,4,0,1,4,2,3,4,5,3,2,4,5,3,2,8,6,0,1,4
reelStrip5=2,5,7,3,4,5,0,1,4,2,3,4,6,5,3,2,0,6,1,2,5,0,1,4,2,1,4,6,4,0,1,4,2,3,4,5,3,2,4,5,3,2,8,6,0,1,4
reelStrip6=
reelStripBonus1=
reelStripBonus2=
reelStripBonus3=
reelStripBonus4=
reelStripBonus5=
reelStripBonus6=
