reelStrip1=2,15,5,13,16,12,7,13,9,14,4,18,20,21,10,15,11,8,10,12,20,1,21,17,1,16,7,3,19,6,19,17,16,20,4,21,18,10,11,6,18,15,19,20,14,14,7,19,11,17
reelStrip2=15,11,8,10,12,4,18,20,21,10,12,7,13,9,14,2,15,5,13,14,20,15,21,17,1,16,18,3,19,6,14,7,19,11,17,18,1,19,20,16,21,7,10,11,6,19,17,16,20,4
reelStrip3=14,19,7,11,17,18,1,19,20,1,12,7,13,9,14,2,15,5,13,16,4,18,10,20,21,15,11,10,8,6,16,18,3,19,6,20,15,21,17,12,19,16,17,4,20,21,7,10,11,6
reelStrip4=18,16,3,19,6,20,15,21,17,1,4,18,20,21,15,10,11,8,10,14,12,7,13,9,14,2,15,13,5,12,14,19,7,11,17,18,19,1,20,16,19,17,16,20,4,21,7,10,11,6
reelStrip5=19,17,16,4,20,21,7,10,11,6,12,7,13,9,14,15,2,5,13,16,14,7,11,19,17,18,1,19,20,14,18,4,20,21,10,15,11,8,10,12,16,18,3,19,6,20,21,15,1,17
reelStrip6=
reelStripBonus1=2,15,5,13,16,12,7,13,9,14,4,18,20,21,10,15,11,8,10,12,20,1,21,17,1,16,7,3,19,6,19,17,16,20,4,21,18,10,11,6,18,15,19,20,14,14,7,19,11,17
reelStripBonus2=15,11,8,10,12,4,18,20,21,10,12,7,13,9,14,2,15,5,13,14,20,15,21,17,1,16,18,3,19,6,14,7,19,11,17,18,1,19,20,16,21,7,10,11,6,19,17,16,20,4
reelStripBonus3=14,19,7,11,17,18,1,19,20,1,12,7,13,9,14,2,15,5,13,16,4,18,10,20,21,15,11,10,8,6,16,18,3,19,6,20,15,21,17,12,19,16,17,4,20,21,7,10,11,6
reelStripBonus4=18,16,3,19,6,20,15,21,17,1,4,18,20,21,15,10,11,8,10,14,12,7,13,9,14,2,15,13,5,12,14,19,7,11,17,18,19,1,20,16,19,17,16,20,4,21,7,10,11,6
reelStripBonus5=19,17,16,4,20,21,7,10,11,6,12,7,13,9,14,15,2,5,13,16,14,7,11,19,17,18,1,19,20,14,18,4,20,21,10,15,11,8,10,12,16,18,3,19,6,20,21,15,1,17
reelStripBonus6=