reelStrip1=10, 5, 7, 8, 3, 6, 8, 12, 9, 8, 2, 6, 4, 10, 7, 9, 10, 4, 9, 3, 6, 5, 10, 0, 8, 11, 7, 10, 6, 1
reelStrip2=10, 6, 2, 9, 8, 1, 7, 9, 5, 7, 9, 4, 11, 3, 9, 4, 7, 10, 12, 11, 3, 8, 6, 4, 7, 0, 6, 7, 10, 1, 8, 9, 11, 3, 7, 9, 4, 7, 5, 2, 9, 11, 5
reelStrip3=10, 4, 10, 2, 9, 8, 3, 6, 4, 8, 1, 6, 5, 11, 6, 2, 10, 9, 5, 6, 2, 10, 0, 3, 7, 1, 7, 5, 9, 3, 0, 6, 11, 1, 9, 8, 11, 0, 7, 8, 11, 12, 8, 11, 0, 8
reelStrip4=10, 8, 0, 2, 5, 11, 3, 9, 4, 11, 9, 5, 11, 7, 4, 10, 12, 7, 5, 9, 1, 6, 5, 11, 4, 7, 10, 0, 8, 2, 6, 9, 0, 3, 8, 1, 6, 5, 9, 4, 11, 9, 2, 7, 0
reelStrip5=10, 2, 6, 7, 1, 8, 4, 11, 9, 2, 7, 9, 3, 11, 4, 7, 11, 1, 6, 0, 7, 3, 8, 4, 9, 10, 1, 12, 4, 9, 0, 3, 5, 6, 1, 9, 7, 1, 11
reelStrip6=
reelStripBonus1=10, 0, 8, 11, 4, 10, 7, 1, 6, 5, 9, 11, 3, 6, 8, 12, 9, 8, 2, 6, 4, 9, 8, 1, 7, 10, 9, 2, 12, 7, 10, 3, 6, 5
reelStripBonus2=10, 4, 7, 0, 6, 7, 10, 12, 11, 3, 9, 6, 2, 10, 5, 9, 3, 5, 10, 12, 11, 4, 8, 5, 10, 0, 8, 9, 4, 7, 0, 6, 7, 9, 1, 8, 3, 0
reelStripBonus3=10, 3, 6, 7, 1, 11, 9, 4, 0, 11, 2, 5, 6, 11, 12, 8, 9, 4, 2, 6, 4, 9, 10, 8, 0, 10, 3, 0, 7, 11, 12, 8, 7, 1, 0, 5, 10, 8, 12
reelStripBonus4=10, 12, 7, 5, 9, 3, 6, 1, 7, 5, 8, 2, 11, 6, 3, 7, 10, 0, 8, 2, 6, 9, 3, 12, 4, 10, 12, 7, 5, 11, 10, 4, 0, 6, 8, 9, 0, 1, 4
reelStripBonus5=10, 5, 2, 10, 7, 6, 0, 7, 3, 8, 1, 11, 12, 4, 9, 6, 7, 8, 5, 9, 3, 8, 4, 11, 6, 5, 10, 2, 6, 7, 11, 1, 11, 12, 4, 9, 3, 12, 11
reelStripBonus6=