reelStrip1=113, 113, 114, 114, 56, 57, 115, 115, 116, 116, 110, 110, 113, 113, 115, 115, 29, 30, 114, 114, 115, 115, 112, 112, 114, 114, 116, 116, 83, 84, 113, 113, 116, 116, 111, 111, 113, 113, 114, 114, 0, 1
reelStrip2=111, 111, 111, 116, 116, 116, 113, 113, 113, 85, 86, 87, 116, 116, 116, 27, 28, 114, 114, 114, 112, 112, 112, 115, 115, 115, 114, 114, 114, 31, 32, 33, 115, 115, 115, 113, 113, 113, 110, 110, 110, 116, 116, 116, 27, 28, 115, 115, 115, 58, 59, 60, 114, 114, 114, 113, 113, 113, 2, 3, 4, 114, 114, 114, 113, 113, 113, 116, 116, 116, 115, 115, 115
reelStrip3=113, 113, 113, 113, 114, 114, 114, 114, 61, 62, 63, 64, 115, 115, 115, 115, 116, 116, 116, 116, 110, 110, 110, 110, 113, 113, 113, 113, 115, 115, 115, 115, 34, 35, 36, 37, 114, 114, 114, 114, 115, 115, 115, 115, 112, 112, 112, 112, 114, 114, 114, 114, 116, 116, 116, 116, 88, 89, 90, 91, 113, 113, 113, 113, 116, 116, 116, 116, 111, 111, 111, 111, 113, 113, 113, 113, 114, 114, 114, 114, 5, 6, 7, 8
reelStrip4=111, 111, 111, 111, 111, 116, 116, 116, 116, 116, 27, 28, 113, 113, 113, 113, 113, 92, 93, 94, 95, 96, 116, 116, 116, 116, 116, 114, 114, 114, 114, 114, 112, 112, 112, 112, 112, 115, 115, 115, 115, 115, 27, 28, 114, 114, 114, 114, 114, 38, 39, 40, 41, 42, 115, 115, 115, 115, 115, 113, 113, 113, 113, 113, 110, 110, 110, 110, 110, 116, 116, 116, 116, 116, 9, 10, 11, 12, 13, 115, 115, 115, 115, 115, 65, 66, 67, 68, 69, 114, 114, 114, 114, 114
reelStrip5=113, 113, 113, 113, 113, 113, 114, 114, 114, 114, 114, 114, 70, 71, 72, 73, 74, 75, 115, 115, 115, 115, 115, 115, 116, 116, 116, 116, 116, 116, 110, 110, 110, 110, 110, 110, 113, 113, 113, 113, 113, 113, 115, 115, 115, 115, 115, 115, 43, 44, 45, 46, 47, 48, 114, 114, 114, 114, 114, 114, 115, 115, 115, 115, 115, 115, 112, 112, 112, 112, 112, 112, 114, 114, 114, 114, 114, 114, 14, 15, 16, 17, 18, 19, 116, 116, 116, 116, 116, 116, 97, 98, 99, 100, 101, 102, 113, 113, 113, 113, 113, 113, 111, 111, 111, 111, 111, 111
reelStrip6=111, 111, 111, 111, 111, 111, 111, 116, 116, 116, 116, 116, 116, 116, 27, 28, 113, 113, 113, 113, 113, 113, 113, 103, 104, 105, 106, 107, 108, 109, 116, 116, 116, 116, 116, 116, 116, 114, 114, 114, 114, 114, 114, 114, 112, 112, 112, 112, 112, 112, 112, 115, 115, 115, 115, 115, 115, 115, 114, 114, 114, 114, 114, 114, 114, 49, 50, 51, 52, 53, 54, 55, 115, 115, 115, 115, 115, 115, 115, 110, 110, 110, 110, 110, 110, 110, 113, 113, 113, 113, 113, 113, 113, 76, 77, 78, 79, 80, 81, 82, 113, 113, 113, 113, 113, 113, 113
reelStripBonus1=115, 115, 115, 115, 115, 115, 115, 103, 104, 105, 106, 107, 108, 109, 114, 114, 114, 114, 114, 114, 114, 20, 21, 22, 23, 24, 25, 26, 115, 115, 115, 115, 115, 115, 115, 20, 21, 22, 23, 24, 25, 26
reelStripBonus2=114, 114, 114, 114, 114, 114, 97, 98, 99, 100, 101, 102, 114, 114, 114, 114, 114, 114, 115, 115, 115, 115, 115, 115, 14, 15, 16, 17, 18, 19
reelStripBonus3=115, 115, 115, 115, 115, 92, 93, 94, 95, 96, 114, 114, 114, 114, 114, 115, 115, 115, 115, 115, 114, 114, 114, 114, 114
reelStripBonus4=114, 114, 114, 114, 88, 89, 90, 91, 115, 115, 115, 115, 114, 114, 114, 114, 88, 89, 90, 91, 114, 114, 114, 114, 115, 115, 115, 115, 117, 118, 119, 120, 121
reelStripBonus5=115, 115, 115, 85, 86, 87, 114, 114, 114, 115, 115, 115, 85, 86, 87, 114, 114, 114, 115, 115, 115, 85, 86, 87, 114, 114, 114
reelStripBonus6=114, 114, 83, 84, 115, 115, 114, 114, 115, 115, 114, 114, 115, 115, 114, 114, 115, 115, 114, 114, 115, 115, 114, 114, 115, 115