reelStrip1=5,3,7,6,5,0,7,8,5,3,7,5,6,1,5,7,6,2,7,8,3,7,9,6,4,7,6,5,3,7,8,6,1,5,6,4,9,7,5,3,7,8,6,2,7,8,5,3,7,6,5,0,9,7,3,8,7,6,2,9,5,6,1,5,8,9,3,7,6,4,8,6,5,3,7,9,6,2,7,5,6,4,8,9,5,3,7,6,1,5,8,9,3,7,6,5,0,8,9,5,3,7,6,4,8,5,6,1,8,9,5,3,7,8,6,2,7,6,5,3,8,6,4,9,5,6,2,7,8,5,3,7,5,6,1,9
reelStrip2=6,4,5,6,8,9,2,6,8,9,6,4,5,8,6,7,0,9,7,8,6,4,5,6,9,8,1,7,9,8,6,4,5,6,9,2,6,8,9,6,4,5,6,8,9,3,8,4,9,6,8,5,6,8,9,2,6,8,9,6,4,5,8,6,7,0,9,7,6,8,5,6,8,9,2,6,8,9,6,4,5,9,7,8,3,9,8,4,6,8,5,4,9,8,1,7,9,8,6,4,5,9,8,2,6,9,8,6,9,5,4,9,8,1,7,9,8,6,9,7,8,9,4,3,8,9,4,6,8,7,9,6,7,0,8,7
reelStrip3=7,2,9,5,8,3,5,9,6,4,9,5,7,2,6,8,5,1,9,7,3,5,8,9,2,7,5,8,4,9,7,5,0,8,9,3,5,7,9,2,8,5,7,4,9,5,8,3,5,7,9,2,8,5,1,7,5,8,4,7,6,9,2,8,5,9,3,8,5,0,7,6,9,2,8,6,7,4,9,8,7,3,8,9,5,1,7,9,2,8,9,7,4,8,6,9,3,5,7,9,2,8,5,1,7,9,8,4,7,9,8,2,6,7,8,3,7,9,5,0,8,9,2,6,7,9,3,5,8,7,4,9,8,5,1,9
reelStrip4=7,3,6,8,2,9,5,4,8,7,3,6,8,4,9,5,4,8,7,3,6,9,4,8,6,2,7,3,9,8,5,4,9,6,0,5,9,7,3,8,6,4,9,7,1,5,7,3,6,7,0,5,6,4,8,7,1,9,5,7,3,6,8,5,4,9,7,0,5,6,2,7,3,9,5,8,2,6,5,7,3,9,7,0,5,6,8,5,4,9,7,3,6,7,0,5,9,2,6,5,7,3,9,7,1,5,6,4,8,7,3,9,7,0,5,6,2,9,5,7,3,6,9,1,5,6,2,9,7,3,6,7,0,5,9,2
reelStrip5=7,3,6,9,4,5,8,1,6,5,0,9,7,3,6,7,1,9,5,2,8,7,3,9,6,1,9,8,4,5,7,3,6,5,2,8,7,1,6,9,4,8,7,3,6,9,2,8,7,4,5,7,3,8,5,0,9,6,4,5,7,3,5,2,6,5,0,9,8,1,7,3,6,7,4,5,8,2,7,3,8,5,1,6,7,4,5,7,3,8,5,2,9,4,5,6,2,9,8,3,9,6,1,8,5,2,6,7,3,8,7,4,6,5,2,6,7,3,8,9,0,6,7,4,5,8,1,7,3,6,7,4,8,5,2,9
reelStrip6=
reelStripBonus1=5,3,7,6,2,8,5,0,7,5,6,2,7,8,4,6,7,1,5,8,6,2,7,8,3,6,8,2,9,6,5,0,7,8,4,7,6,2,7,8,5,4,7,6,2,8,6,3,8,5,6,1,5,9,8,2,7,8,4,7,5,6,2,8,5,0,9,6,3,9,8,2,6,5,8,0,9,6,2,7,8,4,7,5,6,1,8,9,2,7,6,4,8,5,6,2,7,8,0,6,5,3,7,5,9,2,7,8,0,9,6,2,8,5,9,4,6,5,7,1,5,6,2,9,5,8,3,9
reelStripBonus2=9,4,8,5,7,0,5,9,6,2,8,7,5,4,9,7,8,1,5,7,8,4,6,9,8,2,5,7,8,6,3,9,8,5,4,7,8,9,0,5,7,6,3,8,9,5,4,7,8,9,0,7,8,5,4,9,8,5,7,1,5,8,9,0,7,8,9,4,7,5,6,3,8,9,7,4,8,9,6,2,8,7,9,0,5,7,6,8,4,9,6,7,1,5,8,9,4,7,9,6,0,5,9,7,1,9,5,7,4,9,6,7,0,5,9,7,6,2,9,5,7,4,9,5,6,3,8,6
reelStripBonus3=6,2,7,5,6,4,8,9,5,3,7,8,6,1,5,9,6,2,7,5,8,0,5,9,6,1,7,8,5,3,9,7,6,2,8,9,6,1,5,7,6,4,8,9,6,1,7,5,8,2,9,7,5,3,8,9,6,1,5,7,8,0,5,9,6,2,7,8,6,1,5,9,7,3,8,6,9,1,7,5,8,2,9,7,6,4,8,9,6,1,5,7,8,3,9,7,6,2,8,9,6,1,5,7,8,0,5,9,6,1,7,8,6,2,9,7,5,3,8,9,6,1,5,7,6,4,8,9
reelStripBonus4=5,4,8,6,2,9,8,3,7,5,4,8,6,0,9,7,1,6,9,5,4,7,6,0,9,7,1,9,5,4,6,9,3,6,7,0,9,7,1,6,9,4,7,6,3,5,7,6,0,9,7,4,6,9,1,6,8,3,9,5,4,8,7,2,9,6,0,8,9,4,6,7,3,5,7,2,9,6,0,7,5,4,6,9,1,6,8,3,9,5,4,8,7,3,8,7,2,9,7,4,6,8,3,5,9,2,8,7,4,9,7,1,6,8,3,9,6,0,9,5,4,8,9,1,6,8,3,7
reelStripBonus5=1,5,2,9,3,5,4,6,5,0,7,2,8,1,9,4,5,6,1,5,2,9,3,5,4,7,9,2,5,0,8,1,9,3,6,9,2,7,1,9,4,8,3,6,9,2,7,4,8,3,6,1,9,7,2,9,3,5,0,8,2,6,7,4,8,1,5,2,9,3,6,7,1,9,4,5,0,9,2,6,7,1,8,3,5,4,9,2,6,5,0,7,3,5,4,8,1,6,7,3,9,2,8,1,9,4,6,7,3,8,1,9,4,8,2,6,7,3,5,0,8,4,6,1,9,7,2,8
reelStripBonus6=