reelStrip1=1,1,1,2,3,5,4,4,4,6,3,7,7,7,5,6,4,5,5,5,2,2,2,5,6,3,3,3,4,7,6,6,6
reelStrip2=6,6,6,1,1,1,4,4,4,2,3,5,0,7,7,7,6,3,5,5,5,6,4,5,2,2,2,5,6,3,3,3,4,7
reelStrip3=3,3,3,4,7,1,1,1,2,3,5,6,6,6,7,7,7,4,4,4,6,3,5,5,5,0,4,6,5,2,2,2,5,6
reelStrip4=2,2,2,3,3,3,1,1,1,4,7,6,6,6,2,3,5,4,4,4,6,0,5,7,7,7,3,6,5,5,5,4,6,5
reelStrip5=5,5,5,7,7,7,4,7,2,2,2,2,3,5,3,3,3,1,1,1,6,5,6,6,6,3,6,4,4,4,4,6,5
reelStrip6=
reelStripBonus1=1,1,1,2,3,5,4,4,4,6,3,7,7,7,5,6,4,5,5,5,2,2,2,5,6,3,3,3,4,7,6,6,6
reelStripBonus2=6,6,6,1,1,1,4,4,4,2,3,5,2,7,7,7,6,3,5,5,5,6,4,5,2,2,2,5,6,3,3,3,4,7
reelStripBonus3=3,3,3,4,7,1,1,1,2,3,5,6,6,6,7,7,7,4,4,4,6,3,5,5,5,3,4,6,5,2,2,2,5,6
reelStripBonus4=2,2,2,3,3,3,1,1,1,4,7,6,6,6,2,3,5,4,4,4,6,5,5,7,7,7,3,6,5,5,5,4,6,5
reelStripBonus5=5,5,5,7,7,7,4,7,2,2,2,2,3,5,3,3,3,1,1,1,6,5,6,6,6,3,6,4,4,4,4,6,5
reelStripBonus6=