reelStrip1=9,4,3,3,11,2,12,9,1,4,4,5,8,1,10,8,1,4,9,2,5,5,11,10,6,6,3,8,12,6,9,7,7,6,2,7,10,8,8,5,3,4,11,2,9,9,6,5,7,10,10,2,7,8,1,3,11,11,1,10
reelStrip2=8,4,3,3,11,2,8,9,1,4,4,5,7,8,4,0,11,1,9,2,5,5,4,10,6,6,3,8,12,6,9,7,7,1,2,7,10,8,8,11,5,0,10,3,9,9,6,5,7,10,10,2,7,0,6,9,11,11,1,10
reelStrip3=8,4,3,3,11,2,12,9,1,4,4,5,8,4,3,0,10,8,9,2,5,5,4,11,6,6,3,8,12,6,9,7,7,1,2,7,10,8,8,7,2,0,11,5,9,9,6,5,7,10,10,9,6,0,1,10,11,11,1,10
reelStrip4=8,4,3,3,11,2,12,9,1,4,4,5,7,11,2,0,9,6,10,2,5,5,8,11,6,6,3,8,12,6,9,7,7,1,2,7,10,8,8,9,3,0,8,7,9,9,6,5,7,10,10,4,5,0,10,1,11,11,1,10
reelStrip5=9,4,3,3,11,2,12,9,1,4,4,5,9,1,10,8,1,4,8,2,5,5,11,10,6,6,3,8,12,6,9,7,7,6,2,7,10,8,8,5,3,4,11,2,9,9,6,5,7,10,10,2,7,12,1,3,11,11,1,10
reelStrip6=
reelStripBonus1=9,4,3,3,11,2,12,9,1,4,4,5,8,1,10,8,1,4,9,2,5,5,11,10,6,6,3,8,12,6,9,7,7,6,2,7,10,8,8,5,3,4,11,2,9,9,6,5,7,10,10,2,7,8,1,3,11,11,1,10
reelStripBonus2=8,4,3,3,11,2,8,9,1,4,4,5,7,8,4,0,11,1,9,2,5,5,4,10,6,6,3,8,12,6,9,7,7,1,2,7,10,8,8,11,5,0,10,3,9,9,6,5,7,10,10,2,7,0,6,9,11,11,1,10
reelStripBonus3=8,4,3,3,11,2,12,9,1,4,4,5,8,4,3,0,10,8,9,2,5,5,4,11,6,6,3,8,12,6,9,7,7,1,2,7,10,8,8,7,2,0,11,5,9,9,6,5,7,10,10,9,6,0,1,10,11,11,1,10
reelStripBonus4=8,4,3,3,11,2,12,9,1,4,4,5,7,11,2,0,9,6,10,2,5,5,8,11,6,6,3,8,12,6,9,7,7,1,2,7,10,8,8,9,3,0,8,7,9,9,6,5,7,10,10,4,5,0,10,1,11,11,1,10
reelStripBonus5=9,4,3,3,11,2,12,9,1,4,4,5,9,1,10,8,1,4,8,2,5,5,11,10,6,6,3,8,12,6,9,7,7,6,2,7,10,8,8,5,3,4,11,2,9,9,6,5,7,10,10,2,7,12,1,3,11,11,1,10
reelStripBonus6=