reelStrip1=7,7,2,4,8,4,8,1,5,9,5,5,9,6,3,6,3,2,1,7,1,7,1,8,2,4,2,4,2,3,3,9,6,6,9,5,5,9,5,3,7,6,6,8,7,8,7,2,8,4,1,4,1,4,6,4,2,7,2,3,5,3,5,3,0,1,8,1,8
reelStrip2=5,0,7,6,8,2,4,2,8,8,5,5,6,6,5,5,4,7,7,8,7,8,3,3,8,0,6,1,7,8,7,2,4,6,5,6,6,7,1,7,1,5,5,3,6,8
reelStrip3=6,7,2,9,8,8,1,7,1,7,6,6,8,1,7,1,7,3,5,3,6,3,2,7,2,2,9,8,8,4,8,4,5,1,4,9,2,6,5,6,0,6,8,7,5,3,5,3,5,3,4,4,3,2,3,7,2,9,8,1,4,1,4,1,4,5,6,5
reelStrip4=2,7,2,7,3,4,3,4,5,5,6,0,8,6,8,1,3,5,6,5,6,0,7,8,7,8,1,2,1,5,5,0,6,7,6,4,7,0,8,7,8,8,6,5
reelStrip5=6,4,8,6,9,5,2,5,6,2,1,7,1,6,9,7,3,7,8,5,7,9,5,3,8,0,5,4,6,5,6,7,8,7,9,8,3,7,2,1,3
reelStrip6=
reelStripBonus1=
reelStripBonus2=
reelStripBonus3=
reelStripBonus4=
reelStripBonus5=
reelStripBonus6=