reelStrip1=0,1,5,5,5,6,6,6,1,1,1,4,4,3,0,3,3,2,2,5,5,5,2,2,4,6,6,6,5,5,5,2,2,4,4,2,4,4,0,1,5,5,5,6,6,6,1,1,4,4,3,0,3,3,2,2,5,5,5,2,2,4,6,6,6,1,1,1,6,6,6,6,6,6,6,6,6,6,6,6,6,6,6,6,6,6,6,6,6,6,6,6,6,6,6,6,6,6
reelStrip2=2,4,4,4,0,2,1,1,1,1,2,4,4,0,5,5,5,6,6,6,5,5,5,1,1,6,3,3,6,6,6,2,2,2,6,3,3,3,2,4,4,4,0,2,1,1,1,2,4,4,0,5,5,5,6,6,6,5,5,5,1,1,6,3,3,6,6,6,2,2,2,6,3,3,3,6,6,6,6,6,6,6,6,6,6,6,6,6,6,6,6,6,6,6,6,6,6,6,6,6,6,6,6,6,6,6
reelStrip3=6,4,4,0,4,1,1,1,3,3,2,4,4,4,1,7,2,5,5,5,2,6,3,3,2,4,4,3,3,3,5,5,5,6,6,4,4,4,6,4,4,0,4,1,1,1,3,3,2,4,4,4,1,2,5,5,5,2,6,3,3,2,4,4,3,3,3,5,5,5,6,6,4,4,4,4,4,4,4,4,4,4,4,4,4,4,4,4,4,4,4,4,4,4,4,4,4,4,4,4,4,4,4,4,4,4
reelStrip4=5,5,5,6,6,6,1,1,4,4,7,4,2,2,2,0,5,5,6,6,6,3,3,1,1,0,4,4,4,0,3,3,3,2,2,6,6,6,5,5,5,6,6,6,1,1,4,4,4,2,2,2,0,5,5,6,6,6,3,3,1,1,0,4,4,4,0,3,3,3,2,2,6,6,6,5,5,5,5,5,5,5,5,5,5,5,5,5,5,5,5,5,5,5,5,5,5,5,5,5,5,5,5,5,5,5
reelStrip5=3,3,5,0,6,6,2,0,5,5,1,1,6,6,4,4,6,6,6,2,2,0,3,1,5,5,5,2,2,1,1,4,6,4,4,4,3,3,3,5,0,6,6,2,0,5,5,1,1,6,6,4,4,6,6,6,2,2,0,3,1,5,5,5,2,2,1,1,4,4,6,4,4,4,3,5,1,1,1,1,1,1,1,1,1,1,1,1,1,1,1,1,1,1,1,1,1,1,1,1,1,2,2,2,2,2
reelStrip6=
reelStripBonus1=0, 0, 0, 0, 2, 2, 2, 2, 1, 1, 1, 1, 3, 3, 3, 3, 5, 5, 5, 5, 4, 4, 4, 4, 6, 6, 6, 6, 7, 7, 7, 7, 8, 8, 8, 8, 7, 7, 3, 3, 6, 6, 2, 2, 5, 5, 7, 7, 4, 4, 5, 5, 6, 6, 4, 4, 3, 3, 2, 2, 7, 7, 6, 6, 5, 5, 1, 1, 1, 1, 7, 7, 6, 6, 0, 0, 0, 0, 5, 5, 4, 4, 4, 4
reelStripBonus2=0, 0, 0, 0, 1, 1, 1, 1, 2, 2, 2, 2, 3, 3, 3, 3, 4, 4, 4, 4, 5, 5, 5, 5, 9, 9, 9, 9, 6, 6, 6, 6, 7, 7, 7, 7, 3, 3, 3, 3, 4, 4, 4, 4, 5, 5, 6, 6, 6, 6, 7, 7, 6, 6, 6, 6, 7, 7, 7, 7, 1, 1, 7, 7, 5, 5, 7, 7, 7, 7, 1, 1, 0, 0, 0, 0, 7, 7, 7, 7, 8, 8, 8, 8, 6, 6, 6, 6
reelStripBonus3=5, 5, 5, 5, 0, 0, 0, 0, 1, 1, 1, 1, 2, 2, 2, 2, 3, 3, 3, 3, 4, 4, 4, 4, 7, 7, 7, 7, 6, 6, 6, 6, 2, 2, 2, 2, 9, 9, 9, 9, 4, 4, 4, 4, 5, 5, 5, 5, 6, 6, 7, 7, 4, 4, 6, 6, 5, 5, 7, 7, 5, 5, 2, 2, 5, 5, 4, 4, 5, 5, 2, 2, 5, 5, 5, 5, 8, 8, 8, 8, 4, 4, 4, 4, 1, 1, 1, 1, 3, 3, 3, 3, 0, 0, 0, 0
reelStripBonus4=0, 0, 0, 0, 3, 3, 3, 3, 2, 2, 2, 2, 4, 4, 4, 4, 5, 5, 5, 5, 1, 1, 1, 1, 6, 6, 6, 6, 7, 7, 7, 7, 3, 3, 3, 3, 9, 9, 9, 9, 2, 2, 2, 2, 4, 4, 4, 4, 7, 7, 3, 3, 7, 7, 3, 3, 2, 2, 3, 3, 2, 2, 0, 0, 3, 3, 0, 0, 7, 7, 7, 7, 7, 7, 7, 7, 4, 4, 4, 4, 3, 3, 3, 3, 2, 2, 2, 2, 1, 1, 1, 1, 0, 0, 0, 0, 5, 5, 5, 5
reelStripBonus5=1, 1, 1, 1, 2, 2, 2, 2, 0, 0, 0, 0, 3, 3, 3, 3, 5, 5, 5, 5, 6, 6, 6, 6, 4, 4, 4, 4, 7, 7, 7, 7, 2, 2, 3, 3, 6, 6, 3, 3, 5, 5, 4, 4, 4, 4, 5, 5, 7, 7, 6, 6, 2, 2, 7, 7, 1, 1, 1, 1, 4, 4, 4, 4, 5, 5, 5, 5, 6, 6, 6, 6, 8, 8, 8, 8, 7, 7, 7, 7, 0, 0, 0, 0, 1, 1, 1, 1	
reelStripBonus6=