reelStrip1=2,5,7,8,3,4,5,7,1,4,8,11,7,2,6,4,9,11,7,5,3,2,0,1,8,9,3,5,1,4,8,11,7,2,6,4,9,11,2,7,11,8,7,6,4
reelStrip2=2,5,7,8,3,0,1,4,8,11,7,2,6,4,9,11,4,5,0,1,4,8,11,7,2,6,4,9,11,7,5,3,2,10,0,1,8,9,11,2,7,11,8,7,6,4
reelStrip3=2,5,7,8,3,4,5,6,1,4,10,8,11,7,2,6,4,9,0,1,4,8,11,7,2,6,4,9,11,7,5,3,2,0,1,8,9,11,2,7,11,8,7,6,4
reelStrip4=2,5,7,8,3,4,5,0,1,4,8,11,7,2,6,4,9,11,7,5,3,2,0,1,8,9,4,2,7,11,8,7,6,4,0,1,4,8,11,7,10,2,7,4,9,11
reelStrip5=2,5,7,8,3,4,5,0,1,4,8,11,7,2,6,4,9,11,7,5,3,2,0,1,8,9,11,2,7,11,8,7,0,1,4,8,11,7,2,6,4,9,11,6,4
reelStrip6=
reelStripBonus1=2,5,7,8,3,0,1,4,8,5,7,2,6,4,9,5,4,5,0,1,4,8,5,7,2,6,4,9,5,7,5,3,2,4,0,1,8,9,5,2,7,5,8,7,6,4
reelStripBonus2=2,5,7,8,3,0,1,4,8,5,7,2,6,4,9,5,4,5,0,1,4,8,5,7,2,6,4,9,5,7,5,3,2,4,0,1,8,9,5,2,7,5,8,7,6,4
reelStripBonus3=2,5,7,8,3,0,1,4,8,5,7,2,6,4,9,5,4,5,0,1,4,8,5,7,2,6,4,9,5,7,5,3,2,4,0,1,8,9,5,2,7,5,8,7,6,4
reelStripBonus4=2,5,7,8,3,0,1,4,8,5,7,2,6,4,9,5,4,5,0,1,4,8,5,7,2,6,4,9,5,7,5,3,2,4,0,1,8,9,5,2,7,5,8,7,6,4
reelStripBonus5=2,5,7,8,3,0,1,4,8,5,7,2,6,4,9,5,4,5,0,1,4,8,5,7,2,6,4,9,5,7,5,3,2,4,0,1,8,9,5,2,7,5,8,7,6,4
reelStripBonus6=
