reelStrip1=7,7,7,7,7,7,5,6,4,8,1,3,3,3,3,3,3,4,5,7,6,8,4,1,1,1,1,1,6,2,5,3,7,8,4,4,4,4,4,4,5,8,7,3,1,2,6,6,6,6,6,6,7,8,6,3,1,2,5,5,5,5,5,5,7,6,1,4,5,8,2,2,2,2,2,6,7,8,5,1,3
reelStrip2=7,7,7,7,7,7,5,6,4,0,0,8,2,1,3,3,3,3,3,3,4,5,7,0,0,6,8,4,1,1,1,1,1,6,2,5,0,0,3,7,8,4,4,4,4,4,4,5,8,7,0,0,3,1,2,6,6,6,6,6,6,7,8,4,6,0,3,1,2,5,5,5,5,5,5,7,6,1,0,4,5,8,2,2,2,2,2,6,7,8,5,1,3
reelStrip3=7,7,7,7,7,7,5,6,4,8,1,3,3,3,3,3,3,4,5,7,6,8,4,1,1,1,1,1,6,2,5,3,7,8,4,4,4,4,4,4,5,8,7,3,1,2,6,6,6,6,6,6,7,8,6,3,1,2,5,5,5,5,5,5,7,6,1,4,5,8,2,2,2,2,2,6,7,8,5,1,3
reelStrip4=
reelStrip5=
reelStrip6=
reelStripBonus1=7,7,7,7,7,7,5,6,4,8,1,3,3,3,3,3,3,4,5,7,6,8,4,1,1,1,1,1,6,2,5,3,7,8,4,4,4,4,4,4,5,8,7,3,1,2,6,6,6,6,6,6,7,8,6,3,1,2,5,5,5,5,5,5,7,6,1,4,5,8,2,2,2,2,2,6,7,8,5,1,3
reelStripBonus2=7,7,7,7,7,7,5,6,4,0,0,8,2,1,3,3,3,3,3,3,4,5,7,0,0,6,8,4,1,1,1,1,1,6,2,5,0,0,3,7,8,4,4,4,4,4,4,5,8,7,0,0,3,1,2,6,6,6,6,6,6,7,8,4,6,0,3,1,2,5,5,5,5,5,5,7,6,1,0,4,5,8,2,2,2,2,2,6,7,8,5,1,3
reelStripBonus3=7,7,7,7,7,7,5,6,4,8,1,3,3,3,3,3,3,4,5,7,6,8,4,1,1,1,1,1,6,2,5,3,7,8,4,4,4,4,4,4,5,8,7,3,1,2,6,6,6,6,6,6,7,8,6,3,1,2,5,5,5,5,5,5,7,6,1,4,5,8,2,2,2,2,2,6,7,8,5,1,3
reelStripBonus4=
reelStripBonus5=
reelStripBonus6=