reelStrip1=11,7,3,6,7,8,6,12,8,9,2,5,6,8,3,8,4,10,8,9,4,8,6,5,1,4,9,3,10,1,5
reelStrip2=8,4,2,1,8,12,3,12,5,6,11,10,8,5,10,8,7,1,8,3,9,4,7,9,0,5,2,11,5,9,10
reelStrip3=9,7,5,1,3,9,7,12,9,4,6,3,1,7,8,2,4,10,8,7,2,9,2,8,0,10,2,11,5,2,11
reelStrip4=3,8,5,10,7,12,2,12,4,8,11,1,9,6,4,9,3,4,1,2,4,6,3,1,0,3,4,7,3,5,10
reelStrip5=10,2,1,8,2,9,8,12,5,6,1,5,7,6,4,2,5,4,1,6,10,4,6,11,0,3,2,9,3,7,11
reelStrip6=
reelStripBonus1=11,7,3,6,7,8,6,12,8,9,2,5,6,8,3,8,4,10,8,9,4,8,6,5,1,4,9,3,10,1,5
reelStripBonus2=8,4,2,1,8,12,3,12,5,6,11,10,8,5,10,8,7,1,8,3,9,4,7,9,0,5,2,11,5,9,10
reelStripBonus3=9,7,5,1,3,9,7,12,9,4,6,3,1,7,8,2,4,10,8,7,2,9,2,8,0,10,2,11,5,2,11
reelStripBonus4=3,8,5,10,7,12,2,12,4,8,11,1,9,6,4,9,3,4,1,2,4,6,3,1,0,3,4,7,3,5,10
reelStripBonus5=10,2,1,8,2,9,8,12,5,6,1,5,7,6,4,2,5,4,1,6,10,4,6,11,0,3,2,9,3,7,11
reelStripBonus6=