reelStrip1=10,9,8,7,6,4,5,7,4,5,3,5,7,9,4,6,0,0,0,4,5,8,7,3,8,4,1,7,8,9,6,8,2,1,7,2,3,5,9,3,6,7,3,9,7,8,9,6,8
reelStrip2=10,4,7,9,7,6,9,6,8,9,2,8,4,7,8,4,0,0,0,6,8,9,6,3,9,5,1,8,10,1,4,5,2,4,5,6,2,5,3,5,3,5,3,7,9,7,8,7,5
reelStrip3=10,8,7,5,7,4,5,7,6,1,3,6,4,8,4,5,0,0,0,0,3,7,9,3,7,1,8,1,10,4,5,9,2,9,5,6,4,2,3,8,3,9,3,8,9,9,5,6,7
reelStrip4=10,7,4,9,1,3,6,9,2,8,4,6,7,2,6,8,0,0,0,0,6,9,5,3,6,8,1,8,10,2,5,4,1,4,5,5,2,6,3,7,3,8,7,3,9,7,6,5,4
reelStrip5=10,2,4,8,5,3,9,4,1,9,5,1,6,1,4,5,0,0,0,5,2,6,4,3,7,5,1,7,8,1,5,6,2,5,9,8,1,2,3,7,4,7,8,3,9,3,8,5,6
reelStrip6=
reelStripBonus1=10,9,8,7,6,4,5,7,4,5,3,5,7,9,4,6,0,0,0,4,5,8,7,3,8,4,1,7,8,9,6,8,2,1,7,2,3,5,9,3,6,7,3,9,7,8,9,6,8
reelStripBonus2=10,4,7,9,7,6,9,6,8,9,2,8,4,7,8,4,0,0,0,6,8,9,6,3,9,5,1,8,10,1,4,5,2,4,5,6,2,5,3,5,3,5,3,7,9,7,8,7,5
reelStripBonus3=10,8,7,5,7,4,5,7,6,1,3,6,4,8,4,5,0,0,0,0,3,7,9,3,7,1,8,1,10,4,5,9,2,9,5,6,4,2,3,8,3,9,3,8,9,9,5,6,7
reelStripBonus4=10,7,4,9,1,3,6,9,2,8,4,6,7,2,6,8,0,0,0,0,6,9,5,3,6,8,1,8,10,2,5,4,1,4,5,5,2,6,3,7,3,8,7,3,9,7,6,5,4
reelStripBonus5=10,2,4,8,5,3,9,4,1,9,5,1,6,1,4,5,0,0,0,5,2,6,4,3,7,5,1,7,8,1,5,6,2,5,9,8,1,2,3,7,4,7,8,3,9,3,8,5,6
reelStripBonus6=