reelStrip1=9,9,9,8,8,8,7,7,7,5,5,5,9,9,9,7,7,7,8,8,8,3,3,3,9,9,9,5,5,5,7,7,7,8,8,8,9,9,9,5,5,5,8,8,8,7,7,7,3,3,3,9,9,9,5,5,5,6,6,6,8,8,8,7,7,7,9,9,9,8,8,8,6,6,6,7,7,7,3,3,3,8,8,8,5,5,5,9,9,9,7,7,7,8,8,8,4,4,4,5,5,5,7,7,7,6,6,6,8,8,8,5,5,5,7,7,7,6,6,6,4,4,4
reelStrip2=5,5,5,9,9,9,8,8,8,7,7,4,4,4,8,8,8,1,3,3,3,9,9,9,5,5,5,6,6,6,7,7,7,9,9,9,5,5,6,6,6,9,9,9,8,8,8,6,6,6,4,4,4,7,7,7,6,6,6,9,9,9,5,5,5,7,7,7,8,8,8,4,4,4,9,9,9,6,6,6,7,7,9,9,9,8,8,8,3,3,3,9,9,9,4,4,4,6,6,6,1,7,7,7,9,9,9,5,5,6,6,6,8,8,8,7,7,7,6,6,6,9,9,9,5,5,5,8,8,8,7,7,9,9,9,5,5,5,6,6,6,8,8,9,9,9,6,6,6,4,4,4,9,9,9,6,6,6,7,7,9,9,9,4,4,4,8,8,8,3,3,9,9,9,6,6,6,7,7,7,8,8,8,5,5,4,4,4,1,9,9,9,6,6,6,8,8,8,7,7,7,8,8,8,6,6,6,9,9,9,5,5,5,4,4,4,6,6,6,7,7,9,9,9,6,6,6,8,8,9,9,9,6,6,6,4,4,4,7,7,9,9,9,4,4,4,8,8,8,3,3,9,9,9,8,8,8,6,6,6,7,7,7,9,9,9,5,5,6,6,6,9,9,9,8,8,8,6,6,6,4,4,4,7,7,7,6,6,6,5,5,5,4,4,4,6,6,6,7,7,7,9,9,9,6,6,6,8,8,8,7,7,7,9,9,9,6,6,6,7,7,9,9,9,4,4,4,8,8,8,3,3,9,9,9,4,4,4,5,5,5,1,7,7,7,9,9,9,5,5,6,6,6,9,9,9,8,8,8,6,6,6,4,4,4,7,7,7,6,6,6,9,9,9,5,5,5,8,8,8,6,6,6,7,7,9,9,9,6,6,6,8,8,9,9,9,6,6,6,7,7,7,9,9,9,6,6,6,7,7,9,9,9,8,8,8,3,3,4,4,4,6,6,6,7,7,7,9,9,9,5,5,6,6,6,4,4,4,1,9,9,9,6,6,6,8,8,8,7,7,7,4,4,4,6,6,6,9,9,9,5,5,5,8,8,8,6,6,6,7,7,9,9,9,6,6,6,8,8
reelStrip3=9,9,9,8,8,8,6,6,6,7,7,7,1,3,3,3,6,6,6,8,8,8,4,4,4,7,7,7,5,5,5,6,6,6,8,8,8,3,3,3,9,9,9,7,7,7,5,5,5,3,3,3,4,4,4,8,8,8,9,9,9,6,6,6,7,7,7,8,8,8,4,4,4,6,6,6,7,7,7,9,9,9,4,4,4,8,8,8,9,9,9,7,7,7,5,5,5,6,6,6,9,9,9,8,8,8,7,7,7,9,9,9,1,8,8,8,4,4,4,5,5,5,7,7,7,6,6,6,8,8,8,3,3,3,6,6,6,7,7,7,9,9,9,8,8,8,5,5,5,4,4,4,7,7,7,9,9,9,5,5,5,6,6,6,8,8,8,7,7,7,4,4,4,9,9,9,3,3,3,7,7,7,4,4,8,8,8,6,6,6,9,9,9,5,5,5,6,6,6,7,7,7,9,9,9,8,8,8,5,5,5,9,9,9,7,7,7,6,6,6,8,8,8,4,4,4,6,6,6,9,9,9,1,8,8,8,5,5,5,3,3,3,4,4,4,7,7,7,9,9,9,5,5,5,6,6,6,8,8,8,7,7,7,4,4,4,9,9,9,7,7,7,4,4,4,8,8,8,6,6,6,9,9,9,5,5,5,8,8,8,6,6,6
reelStrip4=8,8,8,7,7,7,5,5,5,9,9,9,7,7,7,8,8,8,3,3,3,7,7,7,8,8,8,6,6,6,7,7,7,8,8,8,4,4,4,5,5,5,7,7,7,8,8,8,6,6,6,7,7,7,3,3,3,8,8,8,6,6,6,7,7,7,4,4,4,9,9,9,7,7,7,8,8,8,3,3,3,1,5,5,5,7,7,7,8,8,8,4,4,5,5,5,9,9,9,7,7,7,8,8,8,7,7,7,5,5,5,8,8,8,3,3,3,7,7,7,9,9,9,8,8,8,6,6,6,7,7,7,5,5,5,8,8,8,7,7,4,4,4,5,5,5,7,7,7,8,8,8,6,6,6,7,7,7,8,8,8,6,6,6,7,7,7,9,9,9,8,8,8,3,3,3,1,4,4,4,7,7,7,9,9,8,8,8,7,7,7,9,9,9,8,8,8,5,5,5,7,7,7,8,8,8,5,5,5,3,3,3,7,7,7,8,8,8,6,6,6,7,7,7,5,5,5,8,8,8,4,4,4,6,6,6,7,7,7,8,8,8,6,6,6,4,4,4,9,9,9,3,3,3,7,7,7,8,8,8,4,4,5,5,5,9,9,8,8,8,7,7,7,9,9,9,8,8,8,7,7,7,8,8,8,5,5,5,7,7,7,8,8,8,5,5,5,7,7,7,9,9,9,1,8,8,8,6,6,6,7,7,7,5,5,5,8,8,8,7,7,4,4,4,5,5,5,7,7,7,8,8,8,6,6,6,7,7,7,4,4,4,8,8,8,6,6,6,7,7,7,9,9,9,8,8,8,5,5,5,9,9,9,8,8,8,7,7,7,9,9,9
reelStrip5=9,9,9,6,6,6,7,7,7,8,8,8,4,4,4,6,6,6,7,7,7,9,9,9,8,8,8,6,6,6,5,5,5,9,9,9,6,6,6,7,7,7,4,4,4,6,6,6,7,7,7,5,5,5,8,8,8,9,9,9,7,7,7,4,4,4,8,8,8,6,6,6,3,3,3,9,9,7,7,7,9,4,4,4,6,6,6,7,7,7,4,4,4,9,9,9,8,8,8,6,6,6,3,3,4,4,4,9,9,9,8,8,8,7,7,7,4,4,9,9,9,8,8,8,6,6,6,3,3,3,5,5,5,8,8,8
reelStrip6=
reelStripBonus1=9,9,9,8,8,8,7,7,7,5,5,5,9,9,9,7,7,7,8,8,8,3,3,3,9,9,9,5,5,5,7,7,7,8,8,8,9,9,9,5,5,5,8,8,8,7,7,7,3,3,3,9,9,9,5,5,5,6,6,6,8,8,8,7,7,7,9,9,9,8,8,8,6,6,6,7,7,7,3,3,3,8,8,8,5,5,5,9,9,9,7,7,7,8,8,8,4,4,4,5,5,5,7,7,7,6,6,6,8,8,8,5,5,5,7,7,7,6,6,6,4,4,4
reelStripBonus2=5,5,5,9,9,9,8,8,8,7,7,4,4,4,8,8,8,3,3,3,9,9,9,5,5,5,6,6,6,7,7,7,9,9,9,5,5,6,6,6,9,9,9,8,8,8,6,6,6,4,4,4,7,7,7,6,6,6,9,9,9,5,5,5,7,7,7,8,8,8,4,4,4,9,9,9,6,6,6,7,7,9,9,9,8,8,8,3,3,3,9,9,9,4,4,4,6,6,6,7,7,7,9,9,9,5,5,6,6,6,8,8,8,7,7,7,6,6,6,9,9,9,5,5,5,8,8,8,7,7,9,9,9,5,5,5,6,6,6,8,8,9,9,9,6,6,6,4,4,4,9,9,9,6,6,6,7,7,9,9,9,4,4,4,8,8,8,3,3,9,9,9,6,6,6,7,7,7,8,8,8,5,5,4,4,4,9,9,9,6,6,6,8,8,8,7,7,7,8,8,8,6,6,6,9,9,9,5,5,5,4,4,4,6,6,6,7,7,9,9,9,6,6,6,8,8,9,9,9,6,6,6,4,4,4,7,7,9,9,9,4,4,4,8,8,8,3,3,9,9,9,8,8,8,6,6,6,7,7,7,9,9,9,5,5,6,6,6,9,9,9,8,8,8,6,6,6,4,4,4,7,7,7,6,6,6,5,5,5,4,4,4,6,6,6,7,7,7,9,9,9,6,6,6,8,8,8,7,7,7,9,9,9,6,6,6,7,7,9,9,9,4,4,4,8,8,8,3,3,9,9,9,4,4,4,5,5,5,7,7,7,9,9,9,5,5,6,6,6,9,9,9,8,8,8,6,6,6,4,4,4,7,7,7,6,6,6,9,9,9,5,5,5,8,8,8,6,6,6,7,7,9,9,9,6,6,6,8,8,9,9,9,6,6,6,7,7,7,9,9,9,6,6,6,7,7,9,9,9,8,8,8,3,3,4,4,4,6,6,6,7,7,7,9,9,9,5,5,6,6,6,4,4,4,9,9,9,6,6,6,8,8,8,7,7,7,4,4,4,6,6,6,9,9,9,5,5,5,8,8,8,6,6,6,7,7,9,9,9,6,6,6,8,8
reelStripBonus3=9,9,9,8,8,8,6,6,6,7,7,7,3,3,3,6,6,6,8,8,8,4,4,4,7,7,7,5,5,5,6,6,6,8,8,8,3,3,3,9,9,9,7,7,7,5,5,5,3,3,3,4,4,4,8,8,8,9,9,9,6,6,6,7,7,7,8,8,8,4,4,4,6,6,6,7,7,7,9,9,9,4,4,4,8,8,8,9,9,9,7,7,7,5,5,5,6,6,6,9,9,9,8,8,8,7,7,7,9,9,9,8,8,8,4,4,4,5,5,5,7,7,7,6,6,6,8,8,8,3,3,3,6,6,6,7,7,7,9,9,9,8,8,8,5,5,5,4,4,4,7,7,7,9,9,9,5,5,5,6,6,6,8,8,8,7,7,7,4,4,4,9,9,9,3,3,3,7,7,7,4,4,8,8,8,6,6,6,9,9,9,5,5,5,6,6,6,7,7,7,9,9,9,8,8,8,5,5,5,9,9,9,7,7,7,6,6,6,8,8,8,4,4,4,6,6,6,9,9,9,8,8,8,5,5,5,3,3,3,4,4,4,7,7,7,9,9,9,5,5,5,6,6,6,8,8,8,7,7,7,4,4,4,9,9,9,7,7,7,4,4,4,8,8,8,6,6,6,9,9,9,5,5,5,8,8,8,6,6,6
reelStripBonus4=8,8,8,7,7,7,5,5,5,9,9,9,7,7,7,8,8,8,3,3,3,7,7,7,8,8,8,6,6,6,7,7,7,8,8,8,4,4,4,5,5,5,7,7,7,8,8,8,6,6,6,7,7,7,3,3,3,8,8,8,6,6,6,7,7,7,4,4,4,9,9,9,7,7,7,8,8,8,3,3,3,5,5,5,7,7,7,8,8,8,4,4,5,5,5,9,9,9,7,7,7,8,8,8,7,7,7,5,5,5,8,8,8,3,3,3,7,7,7,9,9,9,8,8,8,6,6,6,7,7,7,5,5,5,8,8,8,7,7,4,4,4,5,5,5,7,7,7,8,8,8,6,6,6,7,7,7,8,8,8,6,6,6,7,7,7,9,9,9,8,8,8,3,3,3,4,4,4,7,7,7,9,9,8,8,8,7,7,7,9,9,9,8,8,8,5,5,5,7,7,7,8,8,8,5,5,5,3,3,3,7,7,7,8,8,8,6,6,6,7,7,7,5,5,5,8,8,8,4,4,4,6,6,6,7,7,7,8,8,8,6,6,6,4,4,4,9,9,9,3,3,3,7,7,7,8,8,8,4,4,5,5,5,9,9,8,8,8,7,7,7,9,9,9,8,8,8,7,7,7,8,8,8,5,5,5,7,7,7,8,8,8,5,5,5,7,7,7,9,9,9,8,8,8,6,6,6,7,7,7,5,5,5,8,8,8,7,7,4,4,4,5,5,5,7,7,7,8,8,8,6,6,6,7,7,7,4,4,4,8,8,8,6,6,6,7,7,7,9,9,9,8,8,8,5,5,5,9,9,9,8,8,8,7,7,7,9,9,9
reelStripBonus5=9,9,9,6,6,6,7,7,7,8,8,8,4,4,4,6,6,6,7,7,7,9,9,9,8,8,8,6,6,6,5,5,5,9,9,9,6,6,6,7,7,7,4,4,4,6,6,6,7,7,7,5,5,5,8,8,8,9,9,9,7,7,7,4,4,4,8,8,8,6,6,6,3,3,3,9,9,7,7,7,9,4,4,4,6,6,6,7,7,7,4,4,4,9,9,9,8,8,8,6,6,6,3,3,4,4,4,9,9,9,8,8,8,7,7,7,4,4,9,9,9,8,8,8,6,6,6,3,3,3,5,5,5,8,8,8
reelStripBonus6=