reelStrip1=9,4,3,9,7,4,9,8,0,9,4,6,5,8,9,7,8,3,9,4,5,1,4,9,4,1,5,2,0,8,7,3,8,4,7,4,2,4,8,7,3,4,8,7,0,4,5,4,9,6,9,4,3,9,7,5,3
reelStrip2=9,2,4,9,6,3,0,9,2,6,4,4,7,4,6,1,4,5,6,9,4,2,9,8,6,9,8,3,1,0,8,5,5,8,2,5,8,1,4,4,8,4,5,6,4,8,7,9,6,0,4,9,2,5,3
reelStrip3=5,7,4,3,4,4,7,9,4,4,8,3,7,9,5,6,9,7,1,9,5,3,8,4,5,0,2,8,0,9,2,7,4,8,4,7,3,8,9,4,4,8,1,7,5,8,4,6,7,9,4,7,4,3,3
reelStrip4=9,5,8,7,9,2,7,8,9,1,7,5,9,8,2,4,6,8,3,4,8,4,9,4,2,0,2,4,0,5,4,8,9,2,6,7,4,5,9,8,6,4,9,2,8,6,4,4,8,9,0,7,5,9,5,8,7,9,2,3
reelStrip5=9,7,8,9,5,7,9,8,0,3,7,9,2,8,4,5,9,6,1,8,4,4,6,9,2,0,2,1,5,9,7,8,2,9,6,4,9,5,0,7,1,4,4,9,8,7,6,9,4,3,9,3
reelStrip6=
reelStripBonus1=6,1,4,8,4,6,7,4,8,6,7,4,9,5,8,4,6,9,7,4,3,6,8,2,8,1,5,3,4,2,8,4,4,2,4,9,5,3,2,9,4,3,1,3,8,1,4,8,7,4
reelStripBonus2=3,5,8,9,5,1,9,8,6,4,9,8,4,9,3,7,9,4,6,8,7,1,7,3,5,9,3,6,1,9,5,7,2,9,8,6,9,2,5,8,3,7,9,4,6,8,3,6,4,2,5,9
reelStripBonus3=7,4,2,4,3,8,4,6,5,4,9,7,8,4,4,8,6,4,1,7,8,4,9,2,8,5,2,1,4,2,3,4,4,2,5,8,5,2,9,4,3,3,5,8,4,5,2,4,3,6
reelStripBonus4=9,8,4,9,4,8,7,9,5,6,8,9,1,7,6,9,8,2,4,9,4,2,5,7,3,9,8,4,9,4,3,7,9,5,3,8,9,1,3,6,9,8,2,3,9,5,2,8,7,3
reelStripBonus5=7,4,9,6,8,4,7,1,8,4,7,9,8,6,4,5,7,4,4,8,7,4,1,3,9,3,5,4,3,9,3,4,8,3,5,2,4,3,5,1,3,2,5,3,7,8,4,1,9,4
reelStripBonus6=