reelStrip1=0,-1,1,-1,2,-1,3,-1,4,-1,5,-1,0,-1,5,-1,1,-1,5,-1,3,-1,2,-1,5,-1,0,-1,4,-1,1,-1,3,-1,5,-1,0,-1
reelStrip2=0,-1,1,-1,2,-1,3,-1,4,-1,5,-1,0,-1,5,-1,1,-1,5,-1,3,-1,2,-1,5,-1,0,-1,4,-1,1,-1,3,-1,5,-1,0,-1
reelStrip3=0,-1,1,-1,2,-1,3,-1,4,-1,5,-1,0,-1,5,-1,1,-1,5,-1,3,-1,2,-1,5,-1,0,-1,4,-1,1,-1,3,-1,5,-1,0,-1
reelStrip4=0,-1,1,-1,2,-1,3,-1,4,-1,5,-1,0,-1,5,-1,1,-1,5,-1,3,-1,2,-1,5,-1,0,-1,4,-1,1,-1,3,-1,5,-1,0,-1
reelStrip5=0,-1,1,-1,2,-1,3,-1,4,-1,5,-1,0,-1,5,-1,1,-1,5,-1,3,-1,2,-1,5,-1,0,-1,4,-1,1,-1,3,-1,5,-1,0,-1
reelStrip6=
reelStripBonus1=
reelStripBonus2=
reelStripBonus3=
reelStripBonus4=
reelStripBonus5=
reelStripBonus6=