reelStrip1=0,1,5,2,11,3,0,4,2,0,9,1,0,5,1,2,8,0,1,7,2
reelStrip2=4,5,2,6,1,0,10,1,0,12,7,3,2,5,0,3,11,2,5,0,6,3
reelStrip3=7,2,3,10,2,12,3,5,1,4,0,5,2,4,0,11,5,2,6,3,5,1
reelStrip4=0,6,4,5,10,11,4,5,0,3,7,1,3,2,6,1,7,12,0,5,2,1
reelStrip5=7,3,4,6,1,7,4,6,3,7,11,4,6,0,5,4,7,3,6,5,9
reelStrip6=
reelStripBonus1=0,1,5,2,3,0,4,2,0,9,1,0,5,1,2,8,0,1,7,2
reelStripBonus2=4,5,2,6,1,0,10,1,0,7,3,2,5,0,3,2,5,0,6,3
reelStripBonus3=7,2,3,10,2,3,5,1,4,0,5,2,4,0,5,2,6,3,5,1
reelStripBonus4=0,6,4,5,10,4,5,0,3,7,1,3,2,6,1,7,0,5,2,1
reelStripBonus5=7,3,4,6,1,7,4,6,3,7,4,6,0,5,4,7,3,6,5,9
reelStripBonus6=