reelStrip1=11,3,7,9,2,11,5,10,9,6,7,10,8,6,9,10,5,11,7,6,8,11,5,10,0,9,8,6,11,3,9,4,10,3,11,8,4,10,5,8,2,7,4,10,0,3,0,2,11,8,7,0,10,8,9,3,10,9,5,11,9,10,3,11,8,4,10,11,6,7,9,4,8,6,10,7,11,0,10,7,9,6,11,10,4,9,5,7,11,2,8,7,5,10,9,3,8,2
reelStrip2=11,6,7,9,4,8,6,10,7,11,13,10,8,9,6,11,10,4,9,5,7,11,2,8,7,5,10,9,3,7,2,11,8,7,13,11,8,9,3,10,9,5,11,9,10,3,11,8,4,10,11,6,7
reelStrip3=11,3,7,9,2,11,5,10,9,6,7,10,8,6,9,10,5,11,7,6,8,11,5,10,0,9,8,6,11,3,9,4,10,3,11,8,4,10,5,8,2,7,4,10,0,3,0,2,11,8,7,0,10,8,9,3,10,9,5,11,9,10,3,11,8,4,10,11,6,7,9,4,8,6,10,7,11,0,10,7,9,6,11,10,4,9,5,7,11,2,8,7,5,10,9,3,8,2
reelStrip4=11,6,7,9,4,8,6,10,7,11,14,10,8,9,6,11,10,4,9,5,7,11,2,8,7,5,10,9,3,7,2,11,8,7,14,11,8,9,3,10,9,5,10,4,8
reelStrip5=11,3,7,9,2,11,5,10,9,6,7,10,8,6,9,10,5,11,7,6,8,11,5,10,0,9,8,6,11,3,9,4,10,3,11,8,4,10,5,8,2,7,4,10,0,3,0,2,11,8,9,3,10,9,5,11,9,10,3,11,8,4,10,11,6,7,9,4,8,6,10,7,9,6,11,10,4,9,5,7,11,2,8,7,5,10,9,3,8,2
reelStrip6=
reelStripBonus1=
reelStripBonus2=
reelStripBonus3=
reelStripBonus4=
reelStripBonus5=
reelStripBonus6=