reelStrip1=9, 9, 0, 7, 7, 2, 10, 10, 10, 3, 8, 6, 1, 4, 5, 9, 9, 9, 11, 8, 8, 2, 7, 7, 3, 8, 4, 10, 10, 5, 8, 8, 8, 8, 6
reelStrip2=9, 9, 3, 3, 10, 11, 7, 7, 5, 5, 10, 6, 7, 7, 0, 9, 6, 10, 10, 3, 3, 5, 2, 1, 9, 9, 4, 5, 7, 8, 12, 12, 12, 12, 6, 10, 10, 3, 5, 9, 9, 10, 10, 10, 10, 9, 7, 6, 6
reelStrip3=2, 10, 4, 9, 5, 5, 5, 8, 8, 7, 7, 0, 9, 3, 7, 4, 4, 8, 10, 9, 11, 10, 9, 6, 6, 7, 4, 10, 10, 1, 8, 8, 8, 2, 2, 9, 6, 6, 7, 7, 9, 10, 12, 12, 12, 12, 12, 6, 6, 0, 9, 10, 10, 6, 8, 8, 5, 7, 7, 9, 9, 9
reelStrip4=9, 3, 8, 4, 10, 10, 5, 6, 0, 7, 7, 2, 8, 8, 3, 7, 7, 5, 11, 9, 4, 9, 9, 3, 10, 1, 8, 8, 4, 7, 5, 10, 9, 2, 10, 10, 5, 7, 8, 4, 9, 12, 12, 12, 12, 9, 9, 2, 10, 10, 6, 6, 6
reelStrip5=9, 9, 0, 2, 8, 5, 7, 7, 3, 6, 6, 8, 4, 4, 10, 10, 5, 11, 8, 1, 10, 6, 6, 2, 0, 7, 7, 1, 3, 9, 9, 0, 5, 8, 4, 6, 10, 10, 3, 7, 4, 6, 6, 5, 8, 2, 9, 1, 1, 1
reelStrip6=
reelStripBonus1=9, 9, 0, 7, 7, 2, 10, 10, 10, 3, 8, 6, 1, 4, 5, 9, 9, 9, 11, 8, 8, 2, 7, 7, 3, 8, 4, 10, 10, 5, 8, 8, 8, 8, 6
reelStripBonus2=9, 9, 3, 3, 10, 11, 7, 7, 5, 5, 10, 6, 7, 7, 0, 9, 6, 10, 10, 3, 3, 5, 2, 1, 9, 9, 4, 5, 7, 8, 12, 12, 12, 12, 6, 10, 10, 3, 5, 9, 9, 10, 10, 10, 10, 9, 7, 6, 6
reelStripBonus3=12, 12, 12, 12, 12, 12, 12, 12, 12, 12, 12, 12, 12, 12, 12, 12, 12, 12, 12, 12
reelStripBonus4=9, 3, 8, 4, 10, 10, 5, 6, 0, 7, 7, 2, 8, 8, 3, 7, 7, 5, 11, 9, 4, 9, 9, 3, 10, 1, 8, 8, 4, 7, 5, 10, 9, 2, 10, 10, 5, 7, 8, 4, 9, 12, 12, 12, 12, 9, 9, 2, 10, 10, 6, 6, 6
reelStripBonus5=9, 9, 0, 2, 8, 5, 7, 7, 3, 6, 6, 8, 4, 4, 10, 10, 5, 11, 8, 1, 10, 6, 6, 2, 0, 7, 7, 1, 3, 9, 9, 0, 5, 8, 4, 6, 10, 10, 3, 7, 4, 6, 6, 5, 8, 2, 9, 1, 1, 1
reelStripBonus6=