reelStrip1=0,8,9,12,8,6,2,7,1,8,5,7,4,10,1,11,3,10,5,8,10,3,9,6,4,10,8,2,11,10
reelStrip2=0,11,8,3,7,1,9,2,10,1,11,12,6,4,10,7,2,9,8,5,9,4,8,9,3,8,6,5,8,9
reelStrip3=0,7,9,3,8,10,1,11,9,11,6,10,4,6,2,1,11,10,2,8,3,4,7,5,11,12,7,11,5,10
reelStrip4=0,11,6,2,11,6,1,7,11,5,6,2,9,1,10,4,9,3,8,5,11,10,4,6,8,12,10,11,6,9
reelStrip5=0,7,9,3,8,10,1,11,9,11,6,10,4,6,2,1,11,10,2,8,3,4,7,5,11,12,7,11,5,10,0,11,6,2,11,6,1,7,11,5,6,2,9,1,10,4,9,3,8,5,11,10,4,6,8,12,10,11,6,9
reelStrip6=
reelStripBonus1=0,8,9,12,8,6,2,7,1,8,5,7,4,10,1,11,3,10,5,8,10,3,9,6,4,10,8,2,11,10
reelStripBonus2=0,11,8,3,7,1,9,2,10,1,11,12,6,4,10,7,2,9,8,5,9,4,8,9,3,8,6,5,8,9
reelStripBonus3=0,7,9,3,8,10,1,11,9,11,6,10,4,6,2,1,11,10,2,8,3,4,7,5,11,12,7,11,5,10
reelStripBonus4=0,11,6,2,11,6,1,7,11,5,6,2,9,1,10,4,9,3,8,5,11,10,4,6,8,12,10,11,6,9
reelStripBonus5=0,7,9,3,8,10,1,11,9,11,6,10,4,6,2,1,11,10,2,8,3,4,7,5,11,12,7,11,5,10,0,11,6,2,11,6,1,7,11,5,6,2,9,1,10,4,9,3,8,5,11,10,4,6,8,12,10,11,6,9
reelStripBonus6=