reelStrip1=1, 7, 5, 3, 8, 7, 2, 8, 4, 0, 8, 6, 9, 4, 5, 2, 6, 7, 8, 4, 5, 1, 6, 8, 7, 3, 6, 7, 0, 4, 5, 2, 9, 6, 8, 4, 0, 7, 5, 3, 4, 6
reelStrip2=2, 6, 7, 1, 8, 4, 3, 8, 5, 0, 7, 4, 6, 3, 5, 8, 7, 5, 9, 4, 5, 6, 1, 7, 6, 4, 8, 2, 5, 3, 4, 7, 1, 6, 8, 2, 5, 4, 1, 7, 6, 8
reelStrip3=7, 3, 5, 8, 6, 4, 3, 7, 5, 1, 7, 2, 6, 0, 8, 2, 4, 9, 6, 1, 8, 2, 7, 3, 6, 1, 5, 4, 2, 5, 4, 1, 7, 2, 5, 4, 3, 8, 1, 8, 3, 6
reelStrip4=5, 7, 2, 8, 0, 6, 3, 7, 1, 4, 5, 2, 4, 9, 6, 8, 1, 4, 3, 5, 6, 7, 1, 8, 7, 3, 5, 1, 7, 2, 4, 6, 7, 3, 5, 6, 0, 4, 7, 2, 8, 7
reelStrip5=7, 3, 8, 0, 7, 5, 2, 6, 9, 5, 6, 0, 4, 5, 1, 6, 8, 4, 5, 0, 7, 8, 1, 6, 2, 8, 7, 3, 4, 2, 8, 5, 8, 6, 2, 7, 3, 1, 3, 7, 6
reelStrip6=
reelStripBonus1=1, 7, 5, 3, 8, 7, 2, 8, 4, 0, 8, 6, 9, 4, 5, 2, 6, 7, 8, 4, 5, 1, 6, 8, 7, 3, 6, 7, 0, 4, 5, 2, 9, 6, 8, 4, 0, 7, 5, 3, 4, 6
reelStripBonus2=2, 6, 7, 1, 8, 4, 3, 8, 5, 0, 7, 4, 6, 3, 5, 8, 7, 5, 9, 4, 5, 6, 1, 7, 6, 4, 8, 2, 5, 3, 4, 7, 1, 6, 8, 2, 5, 4, 1, 7, 6, 8
reelStripBonus3=7, 3, 5, 8, 6, 4, 3, 7, 5, 1, 7, 2, 6, 0, 8, 2, 4, 9, 6, 1, 8, 2, 7, 3, 6, 1, 5, 4, 2, 5, 4, 1, 7, 2, 5, 4, 3, 8, 1, 8, 3, 6
reelStripBonus4=5, 7, 2, 8, 0, 6, 3, 7, 1, 4, 5, 2, 4, 9, 6, 8, 1, 4, 3, 5, 6, 7, 1, 8, 7, 3, 5, 1, 7, 2, 4, 6, 7, 3, 5, 6, 0, 4, 7, 2, 8, 7
reelStripBonus5=7, 3, 8, 0, 7, 5, 2, 6, 9, 5, 6, 0, 4, 5, 1, 6, 8, 4, 5, 0, 7, 8, 1, 6, 2, 8, 7, 3, 4, 2, 8, 5, 8, 6, 2, 7, 3, 1, 3, 7, 6
reelStripBonus6=