reelStrip1=8, 5, 5, 5, 8, 10, 0, 2, 2, 8, 6, 6, 6, 7, 10, 9, 3, 3, 3, 8, 10, 4, 4, 4, 9, 11, 7, 12, 7, 11, 9, 11, 7, 1, 1, 10, 10, 9
reelStrip2=3, 3, 0, 2, 2, 2, 4, 4, 13, 11, 7, 9, 5, 5, 5, 13, 10, 9, 11, 12, 11, 8, 1, 1, 8, 10, 11, 7, 9, 6, 6, 6, 10, 9, 0, 10, 7, 13
reelStrip3=1, 1, 2, 2, 0, 7, 9, 4, 4, 8, 12, 10, 3, 3, 3, 8, 11, 11, 7, 8, 5, 5, 11, 8, 0, 9, 6, 6, 10, 9, 11, 13, 13, 13, 9, 6, 6, 6, 13, 5, 5, 5
reelStrip4=1, 1, 3, 3, 12, 4, 4, 5, 13, 8, 8, 9, 7, 7, 0, 9, 8, 10, 2, 2, 10, 8, 7, 9, 8, 6, 6, 6, 7, 7, 9, 11, 11, 5, 5, 5, 9, 0
reelStrip5=1, 8, 10, 0, 3, 3, 4, 4, 8, 11, 12, 9, 11, 13, 1, 2, 2, 7, 13, 5, 5, 5, 0, 9, 10, 6, 6, 6, 9, 7, 10, 9, 10, 9, 12, 11, 10, 11, 11, 3, 3, 3
reelStrip6=
reelStripBonus1=8, 5, 5, 5, 8, 10, 0, 2, 2, 8, 6, 6, 6, 7, 10, 9, 3, 3, 3, 8, 4, 4, 4, 9, 11, 7, 12, 7, 11, 9, 11, 7, 1, 1, 10, 10, 9
reelStripBonus2=3, 3, 0, 2, 2, 2, 4, 4, 13, 11, 7, 9, 5, 5, 13, 10, 9, 11, 12, 11, 8, 1, 1, 8, 10, 11, 7, 9, 6, 6, 6, 10, 9, 0, 10, 7, 13
reelStripBonus3=1, 1, 2, 2, 0, 7, 9, 4, 4, 8, 12, 10, 3, 3, 8, 11, 11, 7, 8, 5, 5, 11, 8, 0, 9, 6, 6, 10, 9, 11, 13, 9, 6, 6, 6, 13, 5, 5, 5
reelStripBonus4=1, 1, 3, 3, 12, 4, 4, 5, 13, 8, 8, 9, 7, 7, 0, 9, 8, 10, 2, 2, 10, 8, 7, 9, 8, 6, 6, 6, 7, 7, 9, 11, 11, 5, 5, 5, 9, 0
reelStripBonus5=1, 8, 10, 0, 3, 3, 4, 4, 8, 11, 12, 9, 11, 1, 2, 2, 7, 5, 5, 0, 9, 10, 6, 6, 6, 9, 7, 10, 9, 10, 9, 12, 11, 10, 11, 11, 3, 3, 3
reelStripBonus6=