reelStrip1=6,5,1,10,9,4,3,11,8,9,10,4,11,9,8,10,2,11,7,8,9,10,11,8,6,4,9,8,10,11,7,3,10,9,7,5,11,2,7,5,6,4,8,7,6,5,3,2,1,11,9,5,8,10
reelStrip2=0,5,1,10,9,4,3,11,2,4,3,0,11,9,8,10,2,11,7,8,9,10,12,8,6,4,9,8,10,11,7,3,10,9,7,11,6,2,0,5,6,4,8,7,6,5,3,2,1,11,9,5,8,10
reelStrip3=0,5,1,10,12,4,3,11,2,4,7,0,11,9,5,10,4,11,12,8,9,5,12,11,6,4,9,8,10,11,7,3,10,9,7,11,6,2,0,5,6,4,8,7,6,5,3,2,1,11,9,5,8,10
reelStrip4=0,5,1,10,12,4,3,11,0,4,7,2,12,9,8,5,4,3,12,8,9,10,12,11,6,4,12,8,10,11,7,3,12,9,7,11,6,2,0,5,6,4,12,7,6,5,3,2,1,11,9,5,8,10
reelStrip5=0,5,1,10,11,4,3,11,2,4,3,0,11,9,5,10,4,0,7,8,9,10,4,3,6,10,9,8,0,11,7,3,10,9,7,11,6,2,0,5,6,4,8,7,6,5,3,2,1,11,9,5,8,10
reelStrip6=
reelStripBonus1=6,5,1,10,9,4,3,11,8,9,10,4,11,9,8,10,2,11,7,8,9,10,11,8,6,4,9,8,10,11,7,3,10,9,7,5,11,2,7,5,6,4,8,7,6,5,3,2,1,11,9,5,8,10
reelStripBonus2=0,5,1,10,9,4,3,11,2,4,3,0,11,9,8,10,2,11,7,8,9,10,12,8,6,4,9,8,10,11,7,3,10,9,7,11,6,2,0,5,6,4,8,7,6,5,3,2,1,11,9,5,8,10
reelStripBonus3=0,5,1,10,12,4,3,11,2,4,7,0,11,9,5,10,4,11,12,8,9,5,12,11,6,4,9,8,10,11,7,3,10,9,7,11,6,2,0,5,6,4,8,7,6,5,3,2,1,11,9,5,8,10
reelStripBonus4=0,5,1,10,12,4,3,11,0,4,7,2,12,9,8,5,4,3,12,8,9,10,12,11,6,4,12,8,10,11,7,3,12,9,7,11,6,2,0,5,6,4,12,7,6,5,3,2,1,11,9,5,8,10
reelStripBonus5=0,5,1,10,11,4,3,11,2,4,3,0,11,9,5,10,4,0,7,8,9,10,4,3,6,10,9,8,0,11,7,3,10,9,7,11,6,2,0,5,6,4,8,7,6,5,3,2,1,11,9,5,8,10
reelStripBonus6=