reelStrip1=8,8,8,1,1,9,9,9,2,2,10,10,10,3,3,7,7,7,4,4,5,5,5,4,4,6,6,6,3,3,10,10,10,0,0,9,9,9,3,3,8,8,8,4,4,7,7,7,3,3,6,6,6,4,4,5,5,5,0,10,10,10,2,2,9,9,9,1,1,8,8,8,4,4,7,7,7,3,3,6,6,6,2,2,5,5,5,0,0,10,10,10,1,1,9,9,9,2,2,8,8,8,0,0,7,7,7,1,1,6,6,6,0,5,5,5,1,1
reelStrip2=8,8,8,1,1,9,9,9,2,2,10,10,10,3,3,7,7,7,4,4,5,5,5,4,4,6,6,6,3,3,10,10,10,0,0,9,9,9,3,3,8,8,8,4,4,7,7,7,3,3,6,6,6,4,4,5,5,5,0,10,10,10,2,2,9,9,9,1,1,8,8,8,4,4,7,7,7,3,3,6,6,6,2,2,5,5,5,0,0,10,10,10,1,1,9,9,9,2,2,8,8,8,0,0,7,7,7,1,1,6,6,6,0,5,5,5,0,0
reelStrip3=8,8,8,1,1,9,9,9,2,2,10,10,10,3,3,7,7,7,4,4,5,5,5,4,4,6,6,6,3,3,10,10,10,0,0,9,9,9,3,3,8,8,8,4,4,7,7,7,3,3,6,6,6,4,4,5,5,5,0,10,10,10,2,2,9,9,9,1,1,8,8,8,4,4,7,7,7,3,3,6,6,6,2,2,5,5,5,0,0,10,10,10,1,1,9,9,9,2,2,8,8,8,0,0,7,7,7,1,1,6,6,6,0,5,5,5,0,0
reelStrip4=8,8,8,1,1,9,9,9,2,2,10,10,10,3,3,7,7,7,4,4,5,5,5,4,4,6,6,6,3,3,10,10,10,0,0,9,9,9,3,3,8,8,8,4,4,7,7,7,3,3,6,6,6,4,4,5,5,5,0,10,10,10,2,2,9,9,9,1,1,8,8,8,4,4,7,7,7,3,3,6,6,6,2,2,5,5,5,0,0,10,10,10,1,1,9,9,9,2,2,8,8,8,0,0,7,7,7,1,1,6,6,6,0,5,5,5,3,3
reelStrip5=8,8,8,1,1,9,9,9,2,2,10,10,10,3,3,7,7,7,4,4,5,5,5,4,4,6,6,6,3,3,10,10,10,0,0,9,9,9,3,3,8,8,8,4,4,7,7,7,3,3,6,6,6,4,4,5,5,5,0,10,10,10,2,2,9,9,9,1,1,8,8,8,4,4,7,7,7,3,3,6,6,6,2,2,5,5,5,0,0,10,10,10,1,1,9,9,9,2,2,8,8,8,0,0,7,7,7,1,1,6,6,6,0,5,5,5,2,2
reelStrip6=8,8,8,1,1,9,9,9,2,2,10,10,10,3,3,7,7,7,4,4,5,5,5,4,4,6,6,6,3,3,10,10,10,0,0,9,9,9,3,3,8,8,8,4,4,7,7,7,3,3,6,6,6,4,4,5,5,5,0,10,10,10,2,2,9,9,9,1,1,8,8,8,4,4,7,7,7,3,3,6,6,6,2,2,5,5,5,0,0,10,10,10,1,1,9,9,9,2,2,8,8,8,0,0,7,7,7,1,1,6,6,6,0,5,5,5,3,3
reelStripBonus1=8,8,8,4,4,9,9,9,2,2,10,10,10,3,3,7,7,7,4,4,5,5,5,4,4,6,6,6,3,3,10,10,10,1,1,9,9,9,3,3,8,8,8,4,4,7,7,7,3,3,6,6,6,4,4,5,5,5,0,10,10,10,2,2,9,9,9,1,1,8,8,8,4,4,7,7,7,3,3,6,6,6,2,2,5,5,5,2,2,10,10,10,1,1,9,9,9,2,2,8,8,8,7,7,7,1,1,6,6,6,0,5,5,5,1,1
reelStripBonus2=8,8,8,3,3,9,9,9,2,2,10,10,10,3,3,7,7,7,4,4,5,5,5,4,4,6,6,6,3,3,10,10,10,5,5,9,9,9,3,3,8,8,8,4,4,7,7,7,3,3,6,6,6,4,4,5,5,5,0,10,10,10,2,2,9,9,9,1,1,8,8,8,4,4,7,7,7,3,3,6,6,6,2,2,5,5,5,2,2,10,10,10,1,1,9,9,9,2,2,8,8,8,7,7,7,1,1,6,6,6,0,5,5,5,3,3
reelStripBonus3=8,8,8,1,1,9,9,9,2,2,10,10,10,3,3,7,7,7,4,4,5,5,5,4,4,6,6,6,3,3,10,10,10,0,0,9,9,9,3,3,8,8,8,4,4,7,7,7,3,3,6,6,6,4,4,5,5,5,0,10,10,10,2,2,9,9,9,1,1,8,8,8,4,4,7,7,7,3,3,6,6,6,2,2,5,5,5,2,2,10,10,10,1,1,9,9,9,2,2,8,8,8,7,7,7,1,1,6,6,6,0,5,5,5,2,2
reelStripBonus4=8,8,8,1,1,9,9,9,2,2,10,10,10,3,3,7,7,7,4,4,5,5,5,4,4,6,6,6,3,3,10,10,10,0,0,9,9,9,3,3,8,8,8,4,4,7,7,7,3,3,6,6,6,4,4,5,5,5,0,10,10,10,2,2,9,9,9,1,1,8,8,8,4,4,7,7,7,3,3,6,6,6,2,2,5,5,5,2,2,10,10,10,1,1,9,9,9,2,2,8,8,8,7,7,7,1,1,6,6,6,0,5,5,5,3,3
reelStripBonus5=8,8,8,1,1,9,9,9,2,2,10,10,10,3,3,7,7,7,4,4,5,5,5,4,4,6,6,6,3,3,10,10,10,0,0,9,9,9,3,3,8,8,8,4,4,7,7,7,3,3,6,6,6,4,4,5,5,5,0,10,10,10,2,2,9,9,9,1,1,8,8,8,4,4,7,7,7,3,3,6,6,6,2,2,5,5,5,2,2,10,10,10,1,1,9,9,9,2,2,8,8,8,7,7,7,1,1,6,6,6,0,5,5,5,2,2
reelStripBonus6=8,8,8,1,1,9,9,9,2,2,10,10,10,3,3,7,7,7,4,4,5,5,5,4,4,6,6,6,3,3,10,10,10,0,0,9,9,9,3,3,8,8,8,4,4,7,7,7,3,3,6,6,6,4,4,5,5,5,0,10,10,10,2,2,9,9,9,1,1,8,8,8,4,4,7,7,7,3,3,6,6,6,2,2,5,5,5,2,2,10,10,10,1,1,9,9,9,2,2,8,8,8,7,7,7,1,1,6,6,6,0,5,5,5,3,3