reelStrip1=9,8,4,8,7,10,1,6,4,2,7,8,10,4,1,5,8,10,3,5,8,0,10,3,1,5,6,2,4,9,10,6,1,4,7,9,10,4,8,5,4,8,1,3,10,5,8,6,10,7,1,5,4,2,9,4,6,10,1,7,6,3,9,7,6,3,4,1,8,6,5,3,2,10,5,3,9,1,5,4,8,7,3,6,5,4,1,9,3,10,8,0,3,6,7,1,8,3,5,4,3,10,8,1,7,5,9,3,10,6,5,8,1,4,3,5,6
reelStrip2=9,0,6,1,7,9,4,5,8,7,6,1,4,3,9,6,9,7,8,9,7,6,1,9,10,7,0,6,9,7,1,5,9,4,7,9,3,5,7,3,4,1,9,6,7,3,9,5,8,7,5,6,1,7,9,5,7,3,0,5,9,7,1,6,9,4,7,6,5,9,1,6,4,7,10,9,7,4,9,10,1,7
reelStrip3=3,10,8,0,9,8,1,10,6,2,5,3,8,10,5,8,0,1,4,3,8,4,10,2,7,8,1,10,4,3,5,10,8,5,6,1,0,5,3,2,4,5,8,1,10,2,8,9,7,8,5,10,9,1,4,8,3,0,10,6,8,3,4,10,5,1,6,4,10,7,5,0,8,7,3,10,1,9,6,8,10,5,0,6,4,1,8,6,2,3,10,8,4,1,5,9,8,6,7,10,8,6,5,2,10,1,8,9,3,4,8,7,10,2,6,8,1,9,7,3,0,10,8,4,1,6,4,8,6,3,10,7,8
reelStrip4=10,9,1,6,3,5,8,9,10,6,7,4,1,9,7,8,10,7,9,3,8,7,1,0,9,7,8,9,7,6,3,8,9,7,1,6,10,9,7,5,8,6,5,9,4,8,10,1,3,7,8,6,9,0,4,9,1,10,6,7,8,10,6,9,10,1,4,7,6,8,10,5,3,8,1,5,4,7,9,3,10,5,1,6,8,9,7,6,4,10,6,0,8,10,1,4,6,3,7,8,6,10,1,9,8,10,5,7
reelStrip5=7,0,9,7,1,6,10,7,5,6,8,7,2,9,1,6,2,9,10,8,7,10,1,9,4,8,7,2,9,3,8,10,5,3,1,6,9,10,7,3,2,8,10,9,6,1,10,4,8,6,4,10,5,8,9,8,7,1,10,6
reelStrip6=
reelStripBonus1_expanding=4,7,9,10,6,4,0,10,4,11,8,9,5,3,6,5,7,3,11,9,6,4,5,8,7,10,3,11,6,9,7,5,9,3,7,6,4,11,5,3,8,10,3,8,4,11,6,5,10,8
reelStripBonus2_expanding=10,9,5,11,6,9,7,10,3,6,9,7,10,8,11,4,9,7,4,10,6,7,8,10,11,0,8,9,4,10,7,6,11,8,4,5,9,6,10,3,11,5,7,9,10,5,7,4,11,6,7,9,8,10,4,6,5,11,10,9,7,8,9,10,3,11,9,8,7,5,10,9,7,10,11,8,9,0,10,7,5,4,7,3,11,9,8,10,7,9,6,7,9,5,11,10,8,7
reelStripBonus3_expanding=10,6,8,4,7,3,11,10,5,7,8,6,4,8,11,3,4,7,9,5,10,4,11,6,9,8,7,3,0,9,6,8,5,11,10,6,9,7,9,4,5,10,8,4,7,11,6,10,3,8,10,9,4,3,10,7,11,8,6,9,5,3,9,10,11,7,8,10,4,9,7,6,7,11,8,9,10,5,4,8,7,3,5,9,10,11,4,3,6,7,8,3,10,4,6,7,5,11,9,8,5,7,3,9,10,8,6,7,11,5,8,7,9,5,10,8,5,0,7,10,11,9,4,7,3,9,8,10,11,3,6,8,9
reelStripBonus4_expanding=10,3,7,9,8,11,6,10,3,5,7,9,4,8,9,7,11,6,5,0,4,10,9,6,11,4,7,3,10,8,0,7,9,8,7,11,3,10,6,4,5,10,7,8,11,9,6,7,10,4,9,8,6,7,11,3,10,4,6,5,0,9,8,11,10,7,9,6,7,3,6,9,8,10,11,5,9,8,7,5,6,10,3,8,9,8,11,4,6,5,10,8,6
reelStripBonus5_expanding=0,7,9,8,6,10,4,11,9,8,6,3,8,10,9,7,11,8,10,9,6,8,9,7,10,9,6,4,11,3,6,10,9,6,7,8,10,11,5,9,4,8,3,9,7,8,10,6,11,7,10,5,8,9,10,6,5,0,8,7,6,10,11,8,5,9,10,6,7,8,9,6,10,7,11,0,10,9,8,7,9,10,4,11,7,8,9,7,8,10,3,6,11,9,10,8
reelStripBonus6_expanding=
reelStripBonus1_multiplier=8,6,7,12,10,6,9,3,4,10,9,5,7,12,4,8,10,9,6,10,3,5,8,12,4,7,3,0,5
reelStripBonus2_multiplier=8,12,9,3,5,7,10,4,5,12,7,8,9,4,7,9,10,9,12,8,6,9,7,10,3,7,9,10,7,12,8,10,9,6,8,5,3,12,7,9,10,3,6,7,9,10,12,6,8,0,9,4,10,7,5,12,10,7,9,6,7,8,10,12,5,6,4,9,10,7,5,6,9,7,12,8,9,10,4,5,7,10,8,4,9,12,0,10,6,5,8,7,4,10
reelStripBonus3_multiplier=9,3,8,10,5,9,10,8,12,7,4,8,9,3,10,5,9,6,12,8,3,9,7,10,8,4,9,12,6,3,9,6,5,8,3,7,6,12,3,5,0,8,9,10,7,5,4,12,10,6,8,4,9,0,10,8,4,9,12,5,4,10,7,8,10,6,12,9,4,7,3,8,6,7,5,10,8,3,12,7,6,5,3,8,7,9,5,8,10,6,12,9,10,4,3,7,5,9,12,7,10,8,6,7,0,3,10,4,12,7,9,4,7,9,6,10,7,5,12,6,9,10,8,3,7,4,10,8,12,7,9,10,5,7,4,8
reelStripBonus4_multiplier=3,7,10,12,9,8,7,6,0,7,10,6,9,5,12,8,9,6,7,4,5,8,4,7,9,10,12,4,6,7,8,10,3,9,6,12,8,9,3,10,7,6,8,9,0,5,12,6,10,4,5,7,6,10,12,8,9,7,8,10,6,3,8,7,10,5,8,12,7,4,9,0,10,6,3,10,4,8,9,12,6,3,10,8,7,10,9,5,12,6,7,8,9,3,7,6,9,10,8,5,9,12,6,4
reelStripBonus5_multiplier=8,7,6,12,8,10,6,4,9,7,8,12,6,0,9,10,9,10,7,8,12,3,9,7,6,10,8,5,10,9
reelStripBonus6_multiplier=
reelStripBonus1_regular=4,5,10,7,9,10,0,5,1,4,8,9,10,3,6,8,7,1,9,3,6,4,5,3,7,6,8
reelStripBonus2_regular=10,4,9,8,1,3,5,10,9,7,0,9,1,3,8,9,6,7,8,10,1,9,6,8,7,4,10,9,5,6,1,10,7,9,5,10,4,7,9,5,10,1,3,9,8,7,5,8,6,10,1,7,0,10,9,6,10,7,9,6,8,1,7,10,4,8,9,7,4,1,0,10,5,7,9,8,10,1,3,6,9,7,10,4,7,10,5,9,1,4,5,7,10,9,7,6,10,8,7
reelStripBonus3_regular=3,1,7,9,3,10,7,9,10,7,3,6,1,5,4,8,6,9,10,4,1,7,9,10,8,6,9,8,7,5,1,4,8,7,10,4,9,8,6,8,3,1,9,0,8,7,4,5,10,9,1,3,8,10,6,7,0,9,8,5,9,10,1,8,7,10,5,6,8,10,9,7,8,3,1,4,8,10,5,3,9,7,6,4,5,7,1,10,9,5,3,8,7,4,9,1,5,6,10,0,8,9,7,8,6,4,10,1,5,8,7,9,6,3,6,7,8,3,1,9,10,4,7,5,6,10,9,3,7,1,4,10,9,7,3,8,7,5,1,4,7,10
reelStripBonus4_regular=1,6,9,7,8,6,10,9,6,7,1,3,4,9,8,6,3,9,10,0,7,4,1,8,6,10,6,5,8,9,3,1,5,6,4,10,8,0,9,4,10,8,7,1,4,10,6,9,3,7,10,8,6,7,1,5,8,9,7,5,9,0,6,8,10,7,1,9,5,4,8,7,10,9,3,6,7,10,8,1,9,7,3,6,10,5,6,8,1,4,3,7,9,10,5,8,7,9,10,1,8,6,7,10
reelStripBonus5_regular=0,8,9,5,7,9,6,10,5,1,8,7,10,9,7,8,0,9,10,6,8,9,1,10,7,6,3,8,10,7,1,6,10,8,3,0,10,9,7,1,4,9,6,8,10,9,6,8,10,4,7,6
reelStripBonus6_regular=
reelStripBonus1_spreading=5,9,8,6,9,7,3,6,4,9,7,5,10,6,5,8,3,5,9,7,10,6,5,3,9,10,5,8,4,10,0,4,7
reelStripBonus2_spreading=3,5,4,8,7,9,4,10,6,8,10,5,9,7,5,10,8,9,7,6,9,10,0,6,5,9,7,6,9,10,4,3,10,7,9,8,7,10,5,9,7,8,3,6,9,10,8,4,7,10,9,6,7,9,4,8,9,10,6,7,4,8,0,10,4,3,5,7,10,9,6,7,9,5,4,10,9,5,7,6,7,8,10,9,7,5,10,8,7,10
reelStripBonus3_spreading=0,3,9,10,8,3,5,6,3,4,10,9,8,6,5,8,7,6,10,9,4,5,9,8,7,6,0,5,7,3,10,8,5,4,6,9,8,7,10,9,6,8,4,5,8,3,10,9,7,10,5,4,3,8,10,7,4,6,9,7,10,4,5,9,10,4,9,5,3,7,10,3,0,4,9,5,6,8,7,4,5,8,3,9,5,7,4,3,6,8,5,6,10,7,3,8,6,7,3,4,10,9,3,6,7,8,9,4,7,6,10
reelStripBonus4_spreading=10,8,9,4,6,3,7,6,9,3,6,7,10,5,6,9,7,3,6,10,9,8,7,9,4,6,3,9,8,0,10,7,8,10,9,7,10,6,8,7,5,4,10,8,4,5,7,8,10,5,6,9,7,3,8,4,9,10,7,6,9,3,8,6,7,10,8,0,10,8,9,5,6,7,10,8,4,5,7,10,9,6,8,3,6,7,9,4,10,9,8,5,6
reelStripBonus5_spreading=10,5,7,8,9,10,8,6,7,9,10,8,9,3,6,10,9,7,8,5,9,7,10,4,7,6,8,9,10,6,8,4,0,9,7,3,6,10,8,9,10,6,8
reelStripBonus6_spreading=

