reelStrip1=2,4,5,6,7,8,10,9,4,5,6,7,9,1,8,9,3,7,8,0,9,4,6,5,2,0,3,2,6,3,1,8,7,0,1,4,5
reelStrip2=1,8,9,7,3,10,4,5,6,8,7,8,9,1,0,9,2,8,0,9,3,6,4,2,5,4,5,7,3,7,1,11,12,13,6,2,6
reelStrip3=4,5,2,6,8,10,7,9,8,0,8,9,1,7,6,8,4,7,5,9,2,3,3,6,11,12,13,9,3,0,2,1,4,5
reelStrip4=3,4,5,6,7,8,10,4,9,2,5,7,8,2,0,9,8,6,9,1,3,6,7,3,4,5,11,12,13,9,8,2,1,6,7,4,5
reelStrip5=2,5,4,6,8,7,9,10,5,6,4,3,7,8,9,0,8,9,1,8,7,4,6,5,7,6,9,1,2,3
reelStrip6=
reelStripBonus1=2,4,5,6,7,8,10,9,4,5,6,7,9,1,8,9,3,7,8,0,9,4,6,5,2,0,3,2,6,3,1,8,7,0,1,4,5
reelStripBonus2=1,8,9,7,3,10,4,5,6,8,7,8,9,1,0,9,2,8,0,9,3,6,4,2,5,4,5,7,3,7,1,11,12,13,6,2,6
reelStripBonus3=4,5,2,6,8,10,7,9,8,0,8,9,1,7,6,8,4,7,5,9,2,3,3,6,11,12,13,9,3,0,2,1,4,5
reelStripBonus4=3,4,5,6,7,8,10,4,9,2,5,7,8,2,0,9,8,6,9,1,3,6,7,3,4,5,11,12,13,9,8,2,1,6,7,4,5
reelStripBonus5=2,5,4,6,8,7,9,10,5,6,4,3,7,8,9,0,8,9,1,8,7,4,6,5,7,6,9,1,2,3
reelStripBonus6=