reelStrip1=1, 1, 1, 1, 6, 2, 2, 2, 2, 6, 6, 6, 6, 1, 1, 1, 1, 5, 4, 4, 4, 4, 9, 5, 5, 5, 5, 0, 0, 0, 0, 8, 7, 3, 3, 3, 3, 7, 7, 7, 7, 8, 8, 8, 8
reelStrip2=0, 0, 0, 0, 6, 6, 6, 6, 3, 3, 3, 7, 6, 3, 0, 0, 0, 0, 5, 5, 5, 5, 2, 2, 2, 2, 7, 7, 7, 7, 1, 1, 1, 1, 8, 8, 8, 8, 1, 1, 1, 1, 4, 4, 4, 4, 5, 8
reelStrip3=1, 1, 1, 1, 3, 3, 3, 3, 5, 9, 8, 1, 1, 1, 1, 4, 4, 4, 4, 6, 6, 6, 7, 7, 7, 7, 9, 8, 8, 8, 8, 0, 0, 0, 0, 2, 2, 2, 2, 5, 5, 5, 5, 6, 6, 7, 9, 6, 7, 8, 6
reelStrip4=0, 0, 0, 0, 6, 7, 7, 8, 0, 0, 0, 0, 2, 2, 2, 2, 3, 3, 3, 3, 5, 5, 5, 8, 8, 1, 1, 1, 1, 4, 4, 4, 4, 6, 6, 6, 6, 7, 7, 7, 8, 8, 5, 5, 1, 1, 1, 1
reelStrip5=1, 1, 1, 1, 5, 5, 5, 9, 8, 8, 8, 8, 1, 1, 1, 1, 7, 7, 7, 9, 6, 6, 6, 4, 4, 4, 4, 7, 7, 9, 6, 6, 0, 0, 0, 0, 3, 3, 3, 3, 5, 5, 2, 2, 2, 2, 8, 8	
reelStrip6=
reelStripBonus1=1, 1, 1, 1, 6, 2, 2, 2, 2, 6, 6, 6, 6, 1, 1, 1, 1, 5, 4, 4, 4, 4, 9, 5, 5, 5, 5, 0, 0, 0, 0, 8, 7, 3, 3, 3, 3, 7, 7, 7, 7, 8, 8, 8, 8
reelStripBonus2=0, 0, 0, 0, 6, 6, 6, 6, 3, 3, 3, 7, 6, 3, 0, 0, 0, 0, 5, 5, 5, 5, 2, 2, 2, 2, 7, 7, 7, 7, 1, 1, 1, 1, 8, 8, 8, 8, 1, 1, 1, 1, 4, 4, 4, 4, 5, 8
reelStripBonus3=1, 1, 1, 1, 3, 3, 3, 3, 5, 9, 8, 1, 1, 1, 1, 4, 4, 4, 4, 6, 6, 6, 7, 7, 7, 7, 9, 8, 8, 8, 8, 0, 0, 0, 0, 2, 2, 2, 2, 5, 5, 5, 5, 6, 6, 7, 9, 6, 7, 8, 6
reelStripBonus4=0, 0, 0, 0, 6, 7, 7, 8, 0, 0, 0, 0, 2, 2, 2, 2, 3, 3, 3, 3, 5, 5, 5, 8, 8, 1, 1, 1, 1, 4, 4, 4, 4, 6, 6, 6, 6, 7, 7, 7, 8, 8, 5, 5, 1, 1, 1, 1
reelStripBonus5=1, 1, 1, 1, 5, 5, 5, 9, 8, 8, 8, 8, 1, 1, 1, 1, 7, 7, 7, 9, 6, 6, 6, 4, 4, 4, 4, 7, 7, 9, 6, 6, 0, 0, 0, 0, 3, 3, 3, 3, 5, 5, 2, 2, 2, 2, 8, 8
reelStripBonus6=