reelStrip1=8,3,9,5,6,12,2,8,5,10,3,11,0,7,9,11,10,10,9,11,2,9,12,10,6,1,8,4,7,1,8,11,10,9,4,7,6,6,7,5
reelStrip2=8,5,10,7,6,12,11,8,6,11,1,8,0,7,6,3,8,5,1,2,10,10,12,9,4,11,9,11,6,2,9,7,3,4,0,7,5,6,7,9
reelStrip3=9,3,9,10,3,12,11,8,6,8,7,10,0,8,4,7,4,5,9,9,11,1,12,7,6,1,5,4,6,3,2,8,4,5,0,2,1,5,6,3
reelStrip4=11,6,9,1,3,12,2,6,3,1,4,8,0,7,3,6,1,7,2,1,4,5,12,2,2,4,7,4,0,8,5,10,5,3,0,1,2,3,4,5
reelStrip5=2,11,3,7,4,12,2,6,1,7,5,9,0,6,3,4,2,3,3,6,5,1,12,4,6,3,1,8,10,4,2,5,1,2,0,5,8,1,2,4
reelStrip6=
reelStripBonus1=8,3,9,5,6,12,2,8,5,10,3,11,0,7,9,11,10,10,9,11,2,9,12,10,6,1,8,4,7,1,8,11,10,9,4,7,6,6,7,5
reelStripBonus2=8,5,10,7,6,12,11,8,6,11,1,8,0,7,6,3,8,5,1,2,10,10,12,9,4,11,9,11,6,2,9,7,3,4,0,7,5,6,7,9
reelStripBonus3=9,3,9,10,3,12,11,8,6,8,7,10,0,8,4,7,4,5,9,9,11,1,12,7,6,1,5,4,6,3,2,8,4,5,0,2,1,5,6,3
reelStripBonus4=11,6,9,1,3,12,2,6,3,1,4,8,0,7,3,6,1,7,2,1,4,5,12,2,2,4,7,4,0,8,5,10,5,3,0,1,2,3,4,5
reelStripBonus5=2,11,3,7,4,12,2,6,1,7,5,9,0,6,3,4,2,3,3,6,5,1,12,4,6,3,1,8,10,4,2,5,1,2,0,5,8,1,2,4
reelStripBonus6=