reelStrip1=9,10,0,5,6,4,8,10,11,7,6,2,9,8,3,7,5,4,10,5,8,1,9,6,10,12,9,3,5,8,11,7,10,2,9,8,3,7,5,4
reelStrip2=10,9,0,7,8,4,6,9,12,10,5,1,9,8,3,6,7,4,8,5,2,10,6,3,9,4,7,6,2,8,10,1,9,7,2,8,3,10,5,2
reelStrip3=9,10,0,6,7,4,10,12,8,6,2,9,7,3,6,4,8,11,5,1,10,8,3,9,5,11,10,7,0,5,9,3,7,4,8,10,2,7,6,1
reelStrip4=10,9,0,8,7,4,8,9,4,10,7,3,5,6,4,8,3,6,7,12,6,4,9,10,2,8,9,1,10,6,4,5,9,3,7,10,1,8,5,2
reelStrip5=9,10,0,8,6,4,7,11,8,10,1,9,7,3,5,8,11,6,5,2,10,7,11,9,6,2,7,9,12,10,1,9,7,4,6,5,2,10,7,3
reelStrip6=
reelStripBonus1=9,10,0,5,6,4,8,10,11,7,6,2,9,8,13,7,5,4,10,5,8,1,9,6,10,12,9,4,5,8,11,7,10,2,9,8,13,7,5,4
reelStripBonus2=10,9,0,7,8,4,6,9,12,10,5,1,9,8,13,6,7,12,8,5,2,10,6,13,9,4,7,6,2,8,10,1,9,7,2,8,4,10,5,2
reelStripBonus3=9,10,0,6,7,4,10,12,8,6,2,9,7,13,6,4,8,11,5,1,10,8,13,9,5,11,10,7,0,5,9,13,7,4,8,10,2,7,6,1
reelStripBonus4=10,9,0,8,7,4,8,9,4,10,7,13,5,6,4,8,13,6,7,12,6,4,9,10,2,8,9,1,10,6,12,5,9,13,7,10,1,8,5,2
reelStripBonus5=9,10,0,8,6,4,7,11,8,10,1,9,7,13,5,8,11,6,5,2,10,7,11,9,6,2,7,9,12,10,1,9,7,4,6,5,2,10,7,13
reelStripBonus6=