reelStrip1=10,4,6,1,7,9,2,10,3,8,1,10,4,9,2,7,10,1,5,3,7,6,10,4,8,5,1,6,3,9,2,10,7,4,9,3,8,10,5,7,6,3,9,6,4,8,1,7,9,2,10,5,8,9,2,6,8,5,9
reelStrip2=7,11,9,0,8,3,10,2,7,11,9,5,10,3,6,0,9,3,8,4,6,2,5,9,1,10,0,8,3,10,5,9,3,10,5,4,7,11,9,4,7,11,9,4,6,5,8,1,10,2,7,1,8,0,6,10,1
reelStrip3=4,8,6,2,9,5,10,7,0,8,3,6,11,9,1,5,10,4,7,11,9,0,6,8,3,10,1,7,5,8,9,11,6,9,0,8,2,10,5,6,7,0,6,10,1,7,9,3,7,11,9,10,2,8,5,7,8,1,10
reelStrip4=10,11,9,6,8,7,10,5,6,9,1,7,10,2,9,8,4,10,2,8,9,4,7,0,6,1,10,5,7,11,10,5,8,7,1,6,4,9,1,6,9,8,7,11,6,3,9,2,10,5,6,7,8,3,10,9,8,0,7,5,10,8,11,9,6
reelStrip5=10,5,6,2,9,6,3,10,5,6,1,8,1,9,5,10,7,2,8,9,1,7,6,1,9,8,2,7,10,4,9,2,6,10,1,8,3,7,2,8,6,7,2,10,4,8,2,9,3
reelStrip6=
reelStripBonus1=10,4,6,1,7,9,2,10,3,8,1,10,4,9,2,7,10,1,5,3,7,6,10,4,8,5,1,6,3,9,2,10,7,4,9,3,8,10,5,7,6,3,9,6,4,8,1,7,9,2,10,5,8,9,2,6,8,5,9
reelStripBonus2=7,11,9,0,8,3,10,2,7,11,9,5,10,3,6,0,9,3,8,4,6,2,5,9,1,10,0,8,3,10,5,9,3,10,5,4,7,11,9,4,7,11,9,4,6,5,8,1,10,2,7,1,8,0,6,10,1
reelStripBonus3=4,8,6,2,9,5,10,7,0,8,3,6,11,9,1,5,10,4,7,11,9,0,6,8,3,10,1,7,5,8,9,11,6,9,0,8,2,10,5,6,7,0,6,10,1,7,9,3,7,11,9,10,2,8,5,7,8,1,10
reelStripBonus4=10,11,9,6,8,7,10,5,6,9,1,7,10,2,9,8,4,10,2,8,9,4,7,0,6,1,10,5,7,11,10,5,8,7,1,6,4,9,1,6,9,8,7,11,6,3,9,2,10,5,6,7,8,3,10,9,8,0,7,5,10,8,11,9,6
reelStripBonus5=10,5,6,2,9,6,3,10,5,6,1,8,1,9,5,10,7,2,8,9,1,7,6,1,9,8,2,7,10,4,9,2,6,10,1,8,3,7,2,8,6,7,2,10,4,8,2,9,3
reelStripBonus6=