reelStrip1=4,3,10,4,3,7,4,1,9,4,3,0,4,3,8,4,3,7,4,3,6,4,3,5,4,3,10,2,7,3,4,9,2,4,7,3,4,8,3,4,7,3,4,6,3,4,5,3,4,1,3,4,5,3,4,6,2,0,3,5,4,1,7,6
reelStrip2=7,6,10,7,5,4,6,7,9,5,7,6,2,5,7,8,1,7,5,6,4,7,10,6,7,5,6,3,7,5,9,7,4,6,3,7,6,0,7,5,8,6,0,4,5,7,6,5,2,7,5,6,2,3,5,6,7,4,5,7,6,1,5,6
reelStrip3=7,6,3,7,5,4,6,7,10,5,7,6,3,5,7,4,6,7,9,6,5,7,0,6,7,4,6,3,7,5,8,7,4,5,7,3,6,7,5,10,7,1,1,5,7,9,6,0,5,3,6,7,4,6,7,5,6,2,8,5,6,7,2,6
reelStrip4=7,6,10,7,5,4,6,7,9,5,7,6,2,5,7,8,1,7,5,6,4,7,10,6,7,5,6,3,7,5,9,7,4,6,3,7,6,0,7,5,8,6,0,4,5,7,6,5,2,7,5,6,2,3,5,6,7,4,5,7,6,1,5,6
reelStrip5=4,3,10,4,3,7,4,1,9,4,3,0,4,3,8,4,3,7,4,3,6,4,3,5,4,3,10,2,7,3,4,9,2,4,7,3,4,8,3,4,7,3,4,6,3,4,5,3,4,1,3,4,5,3,4,6,2,0,3,5,4,1,7,6
reelStrip6=
reelStripBonus1=
reelStripBonus2=
reelStripBonus3=
reelStripBonus4=
reelStripBonus5=
reelStripBonus6=