reelStrip1=8,5,11,9,0,7,11,2,3,10,8,0,1,8,9,2,10,9,6,10,4,11,7,8,11,1,0,11,6,5,2,3,9,1,11,8,2,4,0,3,11,10,2,12,4,9,3,1,8,3,5,8,10,4,8,6,2,8,9,5,1,9,8,2
reelStrip2=5,12,2,11,4,6,9,1,4,3,9,7,8,5,2,4,5,10,9,6,3,4,1,2,9,1,12,9,11,7,2,11,12,9,0,11,4,5,0,8,4,11,2,6,9,2,7,5,3,9,2,5,3,12,7,8
reelStrip3=0,3,7,12,6,0,7,3,10,8,9,6,3,2,10,3,6,8,0,7,12,10,11,8,10,2,9,6,3,5,7,6,5,10,7,12,2,9,7,1,8,10,2,7,11,8,10,9,6,8,10,3,12,7,11,2
reelStrip4=0,1,4,5,1,11,2,0,6,7,10,6,4,12,11,9,3,4,0,2,7,6,5,7,10,5,6,9,7,4,8,12,4,9,11,7,5,9,12,6,9,4,5,11,6,5,8,7
reelStrip5=5,1,9,4,11,5,8,7,12,10,3,9,4,11,5,4,12,6,3,5,12,10,0,4,2,10,4,5,10,0,5,8,4,1,6,0,10,7,5,9,11,5,8,0,6,8,10,1
reelStrip6=
reelStripBonus1=8,5,11,9,0,7,11,2,3,10,8,0,1,8,9,2,10,9,6,10,4,11,7,8,11,1,0,11,6,5,2,3,9,1,11,8,2,4,0,3,11,10,2,12,4,9,3,1,8,3,5,8,10,4,8,6,2,8,9,5,1,9,8,2
reelStripBonus2=5,12,2,11,4,6,9,1,4,3,9,7,8,5,2,4,5,10,9,6,3,4,1,2,9,1,12,9,11,7,2,11,12,9,0,11,4,5,0,8,4,11,2,6,9,2,7,5,3,9,2,5,3,12,7,8
reelStripBonus3=0,3,7,12,6,0,7,3,10,8,9,6,3,2,10,3,6,8,0,7,12,10,11,8,10,2,9,6,3,5,7,6,5,10,7,12,2,9,7,1,8,10,2,7,11,8,10,9,6,8,10,3,12,7,11,2
reelStripBonus4=0,1,4,5,1,11,2,0,6,7,10,6,4,12,11,9,3,4,0,2,7,6,5,7,10,5,6,9,7,4,8,12,4,9,11,7,5,9,12,6,9,4,5,11,6,5,8,7
reelStripBonus5=5,1,9,4,11,5,8,7,12,10,3,9,4,11,5,4,12,6,3,5,12,10,0,4,2,10,4,5,10,0,5,8,4,1,6,0,10,7,5,9,11,5,8,0,6,8,10,1
reelStripBonus6=