reelStrip1=0, 0, 6, 4, 7, 0, 2, 7, 0, 3, 7, 1, 4, 5, 9, 7, 2, 7, 3, 7, 4, 6, 5, 4, 1, 6, 1, 1, 5, 4, 2, 1, 5, 4, 4, 7, 4, 2, 7, 2, 4, 8, 4, 8, 8, 4, 8, 4, 7, 6, 4, 5
reelStrip2=7, 9, 5, 6, 3, 7, 5, 9, 6, 7, 0, 6, 3, 5, 3, 5, 2, 7, 1, 4, 5, 7, 10, 11, 12, 13, 6, 3, 5, 7, 3, 6, 6, 6, 6, 6, 3, 5, 5, 3, 5, 3, 3, 6, 3, 5, 6, 5, 9, 8, 8, 8, 8, 8, 3, 8, 3, 3, 8, 3, 5, 6
reelStrip3=2, 5, 7, 4, 5, 6, 7, 5, 4, 0, 6, 3, 7, 4, 6, 9, 7, 4, 6, 1, 7, 6, 2, 2, 6, 7, 14, 15, 16, 17, 18, 6, 0, 5, 2, 7, 7, 7, 7, 7, 7, 9, 5, 5, 5, 5, 5, 5, 2, 2, 6, 2, 9, 7, 4, 4, 8, 3, 7, 3, 8, 3, 8, 7, 2, 8, 8
reelStrip4=3, 4, 7, 5, 6, 0, 7, 2, 3, 7, 5, 9, 4, 3, 7, 1, 4, 7, 5, 2, 5, 4, 7, 10, 11, 12, 13, 6, 2, 6, 1, 6, 1, 1, 6, 1, 4, 1, 6, 6, 6, 6, 1, 3, 8, 8, 8, 8, 4, 8, 4, 4, 6, 4, 3, 8, 3, 5, 3, 3
reelStrip5=0, 2, 5, 7, 3, 6, 7, 4, 6, 5, 4, 9, 1, 6, 3, 6, 2, 0, 7, 7, 3, 0, 5, 4, 6, 3, 7, 4, 4, 7, 1, 7, 3, 6, 6, 1, 5, 9, 2, 7, 3, 7, 7, 5, 5, 5, 3, 8, 8, 2, 8, 8, 4, 7, 7
reelStrip6=
reelStripBonus1=0, 4, 7, 0, 2, 7, 0, 3, 6, 7, 1, 4, 5, 9, 7, 2, 7, 7, 3, 4, 6, 5, 4, 1, 6, 1, 1, 5, 4, 2, 1, 4, 4, 7, 4, 2, 7, 2, 4, 8, 4, 8, 8, 8, 7, 6
reelStripBonus2=7, 9, 5, 6, 3, 7, 5, 9, 6, 7, 0, 6, 7, 2, 1, 4, 7, 10, 11, 12, 13, 6, 3, 7, 3, 6, 6, 6, 5, 5, 3, 5, 6, 3, 5, 9, 8, 8, 8, 8, 3, 8, 5
reelStripBonus3=2, 5, 7, 4, 5, 6, 7, 5, 0, 3, 7, 4, 9, 6, 7, 4, 1, 6, 2, 6, 6, 7, 14, 15, 16, 17, 18, 6, 6, 5, 2, 7, 7, 9, 5, 5, 5, 5, 2, 6, 2, 9, 7, 4, 8, 3, 3, 8, 3, 8, 8, 8
reelStripBonus4=3, 4, 7, 5, 6, 0, 7, 2, 3, 7, 5, 9, 4, 3, 7, 1, 4, 7, 5, 2, 5, 7, 10, 11, 12, 13, 6, 2, 6, 6, 4, 1, 6, 6, 6, 6, 1, 3, 8, 8, 8, 8, 4, 6, 8, 3
reelStripBonus5=0, 2, 5, 7, 3, 6, 7, 4, 6, 5, 4, 9, 1, 6, 3, 6, 2, 7, 7, 3, 5, 4, 6, 3, 7, 4, 4, 1, 3, 6, 6, 1, 5, 9, 2, 7, 3, 7, 7, 5, 5, 5, 3, 8, 8, 2, 8, 8, 4, 7, 7, 7, 7
reelStripBonus6=