reelStrip1=0, 4, 4, 4, 4, 6, 6, 7, 7, 5, 9, 9, 9, 9, 9, 3, 3, 3, 8, 8, 8, 1, 1, 4, 4, 9, 9, 9, 9, 9, 8, 8, 8, 8, 8, 7, 7, 7, 9, 9, 2, 2, 2
reelStrip2=0, 2, 2, 2, 3, 11, 12, 13, 14, 9, 6, 6, 6, 6, 10, 8, 5, 5, 5, 10, 7, 7, 7, 1, 1, 1, 7, 7, 7, 7, 1, 1, 2, 2, 2, 10, 5, 5, 5, 5, 6, 6
reelStrip3=0, 4, 9, 9, 11, 12, 13, 14, 7, 5, 5, 5, 5, 3, 6, 6, 6, 3, 3, 3, 3, 8, 8, 8, 8, 1, 5, 5, 5, 5, 10, 2, 4, 4, 4, 4, 9, 9, 9, 9, 10, 8, 8, 8
reelStrip4=8, 8, 8, 8, 11, 12, 13, 14, 3, 3, 3, 3, 0, 2, 2, 2, 2, 2, 2, 2, 2, 5, 3, 3, 6, 4, 8, 9, 9, 10, 7, 7, 7, 7, 7, 7, 6, 6, 6, 9, 9, 1
reelStrip5=0, 4, 4, 6, 6, 6, 6, 9, 9, 9, 9, 9, 1, 1, 8, 8, 8, 8, 8, 5, 7, 7, 7, 7, 7, 2, 9, 9, 9, 9, 9, 9, 9, 3, 7, 7, 7, 7, 7, 7, 6, 6, 6, 6, 11, 12, 13, 14, 9, 9, 9, 9, 9, 9, 7, 7
reelStrip6=
reelStripBonus1=9, 9, 9, 9, 8, 8, 8, 8, 7, 5, 5, 5, 6, 6, 6, 6, 0, 4, 4, 4, 1, 1, 1, 3, 3, 3, 3, 2, 2, 2, 2
reelStripBonus2=7, 7, 7, 11, 12, 13, 14, 2, 6, 8, 8, 11, 12, 13, 14, 5, 1, 4, 9, 9, 0, 11, 12, 13, 14, 3, 3, 3
reelStripBonus3=7, 7, 7, 4, 11, 12, 13, 14, 1, 3, 3, 0, 10, 5, 5, 6, 10, 6, 6, 6, 8, 10, 8, 2, 2, 2, 11, 12, 13, 14, 9, 9, 9, 9, 11, 12, 13, 14
reelStripBonus4=2, 6, 6, 6, 6, 11, 12, 13, 14, 1, 0, 8, 8, 8, 4, 3, 7, 7, 11, 12, 13, 14, 5, 5, 9, 9, 9, 9, 11, 12, 13, 14
reelStripBonus5=1, 8, 8, 3, 9, 9, 2, 4, 4, 6, 7, 7, 5, 5, 5, 6, 6, 8, 7, 7, 7, 8, 8, 0
reelStripBonus6=