reelStrip1=2,4,1,3,7,0,6,1,4,3,0,5,1,8,1,0,4,5,6,0,7,0,3,2,4,1,3,7,0,6,1,4,3,0,5,6,2,0,0,1,1,2,2,6,5,2,3,1
reelStrip2=2,4,1,3,7,0,6,1,4,3,0,5,6,2,0,0,1,1,2,2,2,4,1,3,7,0,6,1,4,3,0,5,6,2,0,0,1,1,2,2,8,6,4,1,0,2,0,2
reelStrip3=2,4,1,3,7,0,6,1,4,3,0,5,6,1,1,0,5,4,1,4,8,5,0,3,4,0,2,4,1,3,7,0,6,1,4,3,0,5,6,2,0,0,1,1,2,2,1,6
reelStrip4=2,4,1,3,7,0,6,1,4,3,0,5,6,0,0,1,5,7,3,6,8,5,0,5,0,2,4,1,3,7,0,6,1,4,3,0,5,6,2,0,0,1,1,2,2,2,1,1
reelStrip5=2,4,1,3,8,2,4,1,3,7,0,6,1,4,3,0,5,6,2,0,0,1,1,2,2,7,0,6,1,4,3,0,5,6,2,1,4,7,2,0,6,0,4,4,5,0,0,2
reelStrip6=
reelStripBonus1=
reelStripBonus2=
reelStripBonus3=
reelStripBonus4=
reelStripBonus5=
reelStripBonus6=