reelStrip1=2,5,7,8,3,4,5,11,1,4,8,10,11,2,7,4,9,10,11,5,3,2,0,1,8,9,3,5,1,4,8,10,11,2,7,4,9,10,2,7,10,8,11,6,4
reelStrip2=2,5,7,8,3,0,1,4,8,10,11,2,7,4,9,10,4,5,0,1,4,8,10,11,2,7,4,9,10,11,5,3,2,0,1,8,9,10,2,7,10,8,11,6,4
reelStrip3=2,5,7,8,3,4,5,6,1,4,8,10,11,2,7,4,9,0,1,4,8,10,11,2,7,4,9,10,11,5,3,2,0,1,8,9,10,2,7,10,8,11,6,4
reelStrip4=2,5,7,8,3,4,5,0,1,4,8,10,11,2,7,4,9,10,11,5,3,2,0,1,8,9,4,2,7,10,8,11,6,4,0,1,4,8,10,11,2,7,4,9,10
reelStrip5=2,5,7,8,3,4,5,0,1,4,8,10,11,2,7,4,9,10,11,5,3,2,0,1,8,9,10,2,7,10,8,11,0,1,4,8,10,11,2,7,4,9,10,6,4
reelStrip6=
reelStripBonus1=
reelStripBonus2=
reelStripBonus3=
reelStripBonus4=
reelStripBonus5=
reelStripBonus6=
