reelStrip1=2,3,5,4,7,8,9,1,2,5,6,10,8,2,3,1,4,3,6,10,2,4,5,7,8,3,10,9,2,8,6,4,2,5,10,1,2
reelStrip2=2,3,5,4,7,8,9,1,2,5,6,10,8,2,3,1,4,3,6,10,2,4,5,7,8,3,10,9,2,8,6,4,2,5,10,1,2
reelStrip3=2,3,5,4,7,8,9,1,2,5,6,10,8,2,3,1,4,3,6,10,2,4,5,7,8,3,10,9,2,8,6,4,2,5,10,1,2
reelStrip4=2,3,5,4,7,8,9,1,2,5,6,10,8,2,3,1,4,3,6,10,2,4,5,7,8,3,10,9,2,8,6,4,2,5,10,1,2
reelStrip5=2,3,5,4,7,8,9,1,2,5,6,10,8,2,3,1,4,3,6,10,2,4,5,7,8,3,10,9,2,8,6,4,2,5,10,1,2
reelStrip6=
reelStripBonus1=2,3,5,4,7,8,9,1,2,5,6,10,8,2,3,1,4,3,6,10,2,4,5,7,8,3,10,9,2,8,6,4,2,5,10,1,2
reelStripBonus2=2,3,5,4,7,8,9,1,2,5,6,10,8,2,3,1,4,3,6,10,2,4,5,7,8,3,10,9,2,8,6,4,2,5,10,1,2
reelStripBonus3=2,3,5,4,7,8,9,1,2,12,5,6,10,8,2,3,1,4,3,6,10,2,4,5,7,8,3,10,9,2,8,6,4,2,5,10,1,11,2
reelStripBonus4=2,3,5,4,7,8,9,1,2,5,6,10,8,2,3,1,4,3,6,10,2,4,5,7,8,3,10,9,2,8,6,4,2,5,10,1,2
reelStripBonus5=2,3,5,4,7,8,9,1,2,5,6,10,8,2,3,1,4,3,6,10,2,4,5,7,8,3,10,9,2,8,6,4,2,5,10,1,2
reelStripBonus6=