reelStrip1=4,11,6,3,12,10,2,11,9,12,8,7,11,3,9,7,12,6,5,7,4,1,0,3,6,4,2,8,6,9,2,11,1,10,6,4,5,11,6,1,5,9,2,4,8,11,5,10,12,3,4,1,10,11,7,10
reelStrip2=7,11,3,8,6,4,7,10,5,4,7,2,9,1,5,6,10,3,5,1,7,8,4,5,2,8,10,3,2,12,6,5,1,9,6,3,11,7,4,8,6,7,1,8,9,10,2,0,4,11,9,2,11,8,9
reelStrip3=6,9,2,7,10,6,5,3,8,1,4,11,6,8,4,7,5,1,8,10,9,0,7,6,11,9,5,8,4,10,7,6,2,10,8,5,7,3,1,8,9,2,3,1,8,6,12,1,4,7,3,11,2,4
reelStrip4=3,2,6,5,11,9,4,7,11,8,6,5,3,8,4,10,1,5,6,4,9,7,2,8,9,3,10,5,1,7,4,0,11,10,8,12,6,5,3,10,1,11,2,3,9,11,4,7,2,10,6,11,1,7,10,2,1,8,9,11
reelStrip5=3,8,5,10,4,2,11,7,0,8,11,6,10,3,2,11,4,6,5,8,9,4,11,1,5,10,7,9,6,11,1,9,7,4,8,9,3,1,7,11,2,3,8,10,9,12,8,6,4,10,1,7,5,11,9,6,2,5,11,10
reelStrip6=
reelStripBonus1=4,11,6,3,12,10,2,11,9,12,8,7,11,3,9,7,12,6,5,7,4,1,0,3,6,4,2,8,6,9,2,11,1,10,6,4,5,11,6,1,5,9,2,4,8,11,5,10,12,3,4,1,10,11,7,10
reelStripBonus2=7,11,3,8,6,4,7,10,5,4,7,2,9,1,5,6,10,3,5,1,7,8,4,5,2,8,10,3,2,12,6,5,1,9,6,3,11,7,4,8,6,7,1,8,9,10,2,0,4,11,9,2,11,8,9
reelStripBonus3=6,9,2,7,10,6,5,3,8,1,4,11,6,8,4,7,5,1,8,10,9,0,7,6,11,9,5,8,4,10,7,6,2,10,8,5,7,3,1,8,9,2,3,1,8,6,12,1,4,7,3,11,2,4
reelStripBonus4=3,2,6,5,11,9,4,7,11,8,6,5,3,8,4,10,1,5,6,4,9,7,2,8,9,3,10,5,1,7,4,0,11,10,8,12,6,5,3,10,1,11,2,3,9,11,4,7,2,10,6,11,1,7,10,2,1,8,9,11
reelStripBonus5=3,8,5,10,4,2,11,7,0,8,11,6,10,3,2,11,4,6,5,8,9,4,11,1,5,10,7,9,6,11,1,9,7,4,8,9,3,1,7,11,2,3,8,10,9,12,8,6,4,10,1,7,5,11,9,6,2,5,11,10
reelStripBonus6=