reelStrip1=6,9,10,4,6,11,12,8,9,5,11,8,7,10,5,7,11,4,6,10,3,9,7,1,8,10,12,11,7,2,10,4,9,8,3,6,9,5,7,11
reelStrip2=2,6,7,0,6,7,12,8,10,5,11,8,10,9,5,11,8,4,9,10,1,9,7,4,8,9,2,11,7,6,10,4,9,8,3,6,9,5,8,11
reelStrip3=1,7,9,0,7,9,2,11,3,10,6,2,8,5,11,2,8,10,4,6,11,5,8,2,11,12,4,10,5,11,3,10,6,3,10,11,2,4,6,11
reelStrip4=4,10,7,0,10,7,11,9,3,6,5,7,4,8,5,9,3,7,4,6,11,5,8,2,9,12,4,10,5,7,3,11,8,1,10,7,4,2,6,5
reelStrip5=3,11,9,1,6,4,8,5,7,10,3,11,12,8,6,3,10,4,9,11,3,7,5,11,10,2,8,5,11,3,9,4,10,7,1,11,6,2,10,8
reelStrip6=
reelStripBonus1=5,9,10,3,6,11,12,8,9,5,11,8,2,10,12,7,11,4,6,10,3,9,7,1,8,10,12,11,7,2,10,4,6,8,5,9,6,3,7,11
reelStripBonus2=1,6,10,3,9,11,12,8,9,5,11,8,12,10,5,7,11,4,6,10,3,9,7,1,8,10,3,11,7,2,10,4,8,9,3,6,8,5,9,11
reelStripBonus3=4,10,6,1,8,7,2,9,3,12,5,7,8,1,11,9,3,10,4,6,11,5,10,2,11,12,8,10,5,7,3,11,9,1,10,8,2,4,6,11
reelStripBonus4=1,10,6,3,8,7,2,12,3,6,5,7,4,8,5,9,3,7,4,6,11,5,8,2,9,12,4,10,5,7,3,11,9,1,10,7,2,4,6
reelStripBonus5=1,11,9,4,6,5,8,4,7,10,1,11,12,8,6,3,10,4,9,11,1,7,5,12,10,2,8,5,11,3,9,4,12,7,1,11,6,2,10,8
reelStripBonus6=