reelStrip1=9,7,3,6,7,2,6,10,8,9,3,5,6,2,3,8,4,10,5,9,4,8,6,5,1,7,9,3,10,4,9,5,7,1,5,7,10,7,5,9,7,3,6,7,2,8,5,7,1
reelStrip2=8,4,2,1,8,5,3,8,5,6,2,10,8,5,10,8,7,1,8,3,9,4,8,9,7,5,2,4,5,9,3,1,8,6,7,8,6,1,8,4,9,3,4,9,3,2,9,6,5
reelStrip3=9,7,5,1,2,9,0,10,9,4,7,6,1,3,0,2,4,10,8,7,2,9,3,8,7,0,2,4,5,2,6,9,5,0,10,4,8,6,4,3,5,4,0,1,5,8,7,10,8
reelStrip4=3,8,5,1,7,1,3,6,4,10,2,1,3,6,4,9,3,4,1,2,4,6,10,1,7,3,4,7,3,5,9,3,10,4,1,7,8,1,4,8,2,7,3,2,6,4,8,2,5
reelStrip5=10,2,1,3,2,9,10,8,5,6,1,5,7,6,4,2,6,4,1,6,5,4,6,9,7,3,2,5,3,7,6,3,9,1,4,9,8,7,6,4,3,5,2,1,3,4,8,3,10
reelStrip6=
reelStripBonus1=
reelStripBonus2=
reelStripBonus3=
reelStripBonus4=
reelStripBonus5=
reelStripBonus6=