reelStrip1=1,10,10,10,2,7,7,7,4,5,5,5,5,1,7,7,7,0,0,0,0,0,6,6,6,6,4,6,4,6,6,6,3,8,8,8,4,9,9,9,3,9,3,10,10,10,1,7,7,7,7,2,10,10,10,4,6,6,6,1,8,8,8,2,8,2,9,9,9,9,1,9,1,5,5,5,3,10,10,10,10,10,4,10,4,7,3,7,3,9,4,9,9,9,9,2,4,5,5,5,3,8,8,8,3,2,8,8,8,3,10,10,10,10,5,5,1,5,5,5,0,0,0,0,10,10,10,10,4,9,9,9,9,6,6,6,6,3,2,9,9,9,9,2,3,8,8,8,1,8,1,8,6,6,6,6,4,10,10,10,10,3,9,9,9,9,4,6,6,6,6,4,7,7,7,7,3,10,3,10,10,10,10,7,7,7,7,3,9,9,9,9,4
reelStrip2=2,5,5,5,2,6,6,6,1,6,1,9,9,9,3,7,7,7,7,3,10,10,10,0,0,0,0,0,8,8,8,3,9,9,9,3,5,5,5,3,2,7,7,7,4,8,8,8,3,8,3,3,6,6,6,3,1,3,5,5,5,4,9,9,9,9,0,0,0,0,10,10,10,2,7,7,7,3,5,5,5,4,10,10,10,10,4,6,6,4,4,7,7,7,4,3,8,8,8,5,5,5,5,2,10,10,10,10,2,5,5,5,5,0,0,0,0,9,9,9,9,3,10,3,10,10,10,4,6,6,6,0,0,0,0,0,9,9,9,1,7,7,7,2,6,2,6,6,6,3,8,8,8,3,8,6,6,4,5,4,5,5,5,1,8,8,8,1,7,7,7,2,7,4,6,6,6,3,7,7,7,2,7,2,7,2,8,8,8,9,9,3,9,9,9,3,10,10,10,3,10,3,10,4,7,7,7,4,7,4
reelStrip3=2,4,1,4,8,8,8,1,5,1,5,5,5,2,4,8,4,8,8,8,0,0,0,0,6,4,10,10,10,4,1,4,8,8,8,2,8,2,3,2,7,7,7,1,9,9,9,4,1,4,8,8,8,3,1,3,8,3,1,3,4,1,8,8,8,8,8,8,1,8,1,10,10,10,3,1,3,8,8,8,4,1,3,4,1,7,7,7,0,0,0,0,6,4,3,8,8,8,2,4,2,9,9,9,3,8,8,8,1,2,4,5,5,5,4,5,4,1,4,8,8,8,1,8,1,4,3,1,3
reelStrip4=4,3,1,7,1,7,7,7,4,7,4,3,5,5,5,2,3,10,3,10,10,10,0,0,0,0,8,8,8,2,3,2,6,6,3,6,3,6,6,3,2,10,10,10,3,2,9,2,9,9,9,0,0,0,0,10,10,10,4,1,4,3,2,9,9,9,1,8,8,8,3,2,3,2,3,7,7,7,0,0,0,0,0,0,9,9,9,3,2,1,3,2,1,8,8,8,10,10,10,1,10,1,5,5,5,5,2,3,2,8,8,8,0,0,0,0,0,7,7,7,3,2,1,3,2,8,8,8,2,8,2,3,9,3,2,3,9,9,9,0,0,0,0,0,6,6,6,2,3,6,6,3,4,7,7,7,7,4,3,4,9,2,9,9,9,0,0,0,0,9,9,9,3,2,1,2,3,8,8,8,1,10,1,10,10,10,4,2,10,10,10,3,2,4,3
reelStrip5=1,10,1,10,10,10,2,4,7,7,7,3,1,3,8,8,8,3,9,9,9,0,0,0,0,0,0,0,5,5,5,1,9,9,9,4,2,6,6,3,6,2,3,8,8,8,1,10,10,10,1,5,5,5,10,10,10,2,10,4,2,9,9,9,4,9,9,4,6,6,6,6,2,4,5,5,5,1,3,7,7,7,4,8,4,8,8,8,3,4,6,6,6,3,7,3,7,7,7,2,3,9,9,9,0,0,0,0,0,6,6,6,1,5,5,5,2,10,10,10,2,7,7,7,2,6,2,6,6,6,6,0,0,0,0,0,8,8,8,8,4,10,10,10,4,10,4,1,5,5,5,4,1,4,7,7,7,1,3,2,3,1,6,6,6,2,3,9,9,9,4,2,1,4,7,7,7,3,1,4,8,8,8,8,3,2,4,2,5,5,5
reelStrip6=
reelStripBonus1=
reelStripBonus2=
reelStripBonus3=
reelStripBonus4=
reelStripBonus5=
reelStripBonus6=