reelStrip1=12,7,3,2,4,6,11,4,2,11,5,2,11,2,5,4,6,2,13,4,2,3,11,10,6,1,5,13,4,5,3,2,13,7,12,5,7,6,13,9,3,2,13,5,11,2,4,13,6,2,12,4,1,8,2,6,13,5,2,1,5,3,12,2
reelStrip2=5,6,4,2,3,4,2,4,3,7,4,2,6,4,3,2,4,12,5,2,3,12,5,6,11,4,5,2,1,6,7,11,5,7,4,5,3,4,7,4,11,7,4,2,6,4,12,11,4,12,2,9,4,13,3,1,11,8,10,5,2,1,6,7
reelStrip3=2,3,2,6,4,3,2,12,5,2,7,5,2,4,7,1,4,2,5,3,2,1,5,7,8,3,5,7,3,2,10,4,2,3,2,6,3,2,5,6,3,13,5,6,2,7,3,9,2,3,5,2,4,5,1,2,4,5,7,2,3,2,4,11
reelStrip4=3,7,5,4,7,3,4,7,5,3,4,6,3,5,2,3,4,6,1,3,2,6,3,2,4,6,13,4,3,2,3,1,7,2,5,4,3,12,4,1,5,3,1,4,2,9,5,3,2,5,4,6,10,8,4,5,4,6,3,4,3,2,3,11
reelStrip5=2,1,5,4,6,5,3,4,2,1,6,2,7,1,2,3,6,1,2,7,5,3,6,4,5,7,6,3,5,4,3,12,3,4,3,10,4,5,3,2,8,6,4,3,13,5,2,4,6,4,7,3,4,9,6,2,5,7,6,2,5,4,4,11
reelStrip6=
reelStripBonus1=12,7,3,2,4,6,11,4,2,11,5,2,11,2,5,4,6,2,13,4,2,3,11,10,6,1,5,13,4,5,3,2,13,7,12,5,7,6,13,9,3,2,13,5,11,2,4,13,6,2,12,4,1,8,2,6,13,5,2,4,5,3,12,2
reelStripBonus2=5,6,4,2,3,4,2,4,3,7,4,2,6,4,3,2,4,12,5,2,3,12,5,6,11,4,5,2,1,6,7,11,5,7,4,5,3,4,7,4,11,7,4,2,6,4,12,11,4,12,2,9,4,13,3,6,11,8,10,5,2,1,6,7
reelStripBonus3=2,3,2,6,4,3,2,12,5,2,7,5,2,4,7,1,4,2,5,3,2,1,5,7,8,3,5,7,3,2,10,4,2,3,2,6,3,2,5,6,3,13,5,6,2,7,3,9,2,3,5,2,4,5,7,2,4,5,7,2,3,2,4,11
reelStripBonus4=3,7,5,4,7,3,4,7,5,3,4,6,3,5,1,3,4,6,1,3,3,6,3,2,4,6,13,4,3,2,3,1,7,2,5,4,4,12,4,1,5,3,1,4,3,9,5,3,2,5,4,6,10,8,3,5,4,6,1,4,3,2,3,11
reelStripBonus5=2,1,5,3,6,5,3,4,2,1,6,2,7,1,2,4,6,1,2,7,5,3,6,4,5,7,6,3,5,4,3,12,4,4,3,10,4,5,3,2,8,6,4,2,13,5,2,4,6,4,7,4,4,9,6,2,5,7,6,2,5,4,3,11
reelStripBonus6=