reelStrip1=5,3,1,6,3,8,2,9,3,4,6,2,10,9,4,5,12,2,0,7
reelStrip2=11,0,1,10,5,3,7,0,6,5,2,12,8,0,9,5,3,12,4,7
reelStrip3=12,5,9,1,7,2,12,0,8,4,1,9,3,0,10,6,1,11,3,1
reelStrip4=4,0,2,11,7,2,9,4,8,1,10,0,6,5,12,3,8,1,9,5
reelStrip5=7,5,3,9,2,0,6,1,4,7,2,10,12,3,5,8,2,5,0,8
reelStrip6=
reelStripBonus1=5,3,1,6,3,8,2,9,3,4,6,2,10,9,4,5,12,2,0,7
reelStripBonus2=11,0,1,10,5,3,7,0,6,5,2,12,8,0,9,5,3,12,4,7
reelStripBonus3=12,5,9,1,7,2,12,0,8,4,1,9,3,0,10,6,1,11,3,1
reelStripBonus4=4,0,2,11,7,2,9,4,8,1,10,0,6,5,12,3,8,1,9,5
reelStripBonus5=7,5,3,9,2,0,6,1,4,7,2,10,12,3,5,8,2,5,0,8
reelStripBonus6=