reelStrip1=2,5,7,8,3,4,5,11,1,4,8,10,11,2,7,4,9,10,11,5,3,2,0,1,8,9,3,5,1,4,8,10,11,2,7,4,9,10,2,7,10,8,3,6,4
reelStrip2=2,5,7,8,3,0,1,4,8,10,2,7,4,9,10,4,5,0,1,4,8,10,11,2,7,4,9,10,11,5,3,2,0,1,8,9,10,2,7,10,8,5,6,4
reelStrip3=2,5,7,8,3,4,5,6,1,4,8,10,11,2,7,4,9,0,1,4,8,10,11,2,7,4,9,10,5,3,2,0,1,8,9,10,2,7,10,8,7,6,4
reelStrip4=2,5,7,8,3,4,5,0,1,4,8,10,11,2,7,4,9,10,5,3,2,0,1,8,9,4,2,7,10,8,11,6,4,0,1,4,8,10,6,2,7,4,9,10
reelStrip5=2,5,7,8,3,4,5,0,1,4,8,10,2,7,4,9,10,11,5,3,2,0,1,8,9,10,2,7,10,8,11,0,1,4,8,10,11,2,7,4,9,10,6,4
reelStrip6=
reelStripBonus1=2,5,7,8,3,4,5,11,1,4,8,11,2,7,4,9,11,5,3,2,0,1,8,9,3,5,10,1,4,8,11,2,7,4,9,11,2,7,11,8,3,6,4
reelStripBonus2=2,5,7,8,10,3,4,5,11,1,4,8,11,2,7,4,9,11,5,3,2,0,1,8,9,3,5,1,4,8,11,2,7,4,9,11,2,7,11,8,3,6,4
reelStripBonus3=2,5,7,8,3,4,5,11,1,4,8,11,2,7,4,9,11,5,3,2,0,1,8,9,3,5,1,10,4,8,11,2,7,4,9,11,2,7,11,8,3,6,4
reelStripBonus4=2,5,7,8,3,4,5,11,1,4,8,11,2,7,4,9,11,5,3,10,2,0,1,8,9,3,5,1,4,8,11,2,7,4,9,11,2,7,11,8,3,6,4
reelStripBonus5=2,5,7,8,3,4,5,11,1,4,8,11,2,7,4,9,11,5,3,2,0,1,8,9,3,5,1,4,8,11,2,10,7,4,9,11,2,7,11,8,3,6,4
reelStripBonus6=2,5,7,8,3,10,4,5,11,1,4,8,11,2,7,4,9,11,5,3,2,0,1,8,9,3,5,1,4,8,11,2,7,4,9,11,2,7,11,8,3,6,4
