reelStrip1=7,6,1,4,7,9,6,1,9,5,11,7,6,9,4,10,7,2,10,9,5,2,10,10,11,4,10,1,8,10,8,3,7,8,2,10,3,8,10,5,6,9,3,5,8,4,9,1,6,8,9,7
reelStrip2=9,4,5,6,2,9,7,5,4,9,11,5,3,9,4,3,8,10,6,2,5,10,4,8,11,3,6,1,8,10,7,7,1,9,8,7,5,10,6,7,4,10,2,7,8,8,6,0,0,1,5,6
reelStrip3=7,3,8,9,1,2,6,8,10,7,11,5,9,4,3,8,1,4,8,6,7,1,10,6,7,5,9,8,4,3,6,9,5,1,2,10,5,4,7,6,10,5,7,2,9,8,7,0,0,0,9,8
reelStrip4=4,6,2,7,5,9,6,1,3,5,11,6,9,2,4,7,9,3,8,7,2,6,10,7,11,4,10,6,8,7,10,3,10,8,1,7,3,8,2,5,6,9,4,7,5,8,10,0,0,0,0,6
reelStrip5=5,6,2,1,5,8,6,10,2,3,11,7,5,2,4,7,6,3,10,7,3,4,9,7,11,4,9,10,8,6,10,3,5,8,2,9,3,8,2,7,6,10,4,5,6,8,9,1,7,8,2,1
reelStrip6=
reelStripBonus1=7,6,1,4,7,9,6,1,9,5,11,7,6,9,4,10,7,2,10,9,5,2,10,10,11,4,10,1,8,10,8,3,7,8,2,10,3,8,10,5,6,9,3,5,8,4,9,1,6,8,9,7
reelStripBonus2=9,4,5,6,2,9,7,5,4,9,11,5,3,9,4,3,8,10,6,2,5,10,4,8,11,3,6,1,8,10,7,7,1,9,8,7,5,10,6,7,4,10,2,7,8,8,6,0,0,1,5,6
reelStripBonus3=7,3,8,9,1,2,6,8,10,7,11,5,9,4,3,8,1,4,8,6,7,1,10,6,7,5,9,8,4,3,6,9,5,1,2,10,5,4,7,6,10,5,7,2,9,8,7,0,0,0,9,8
reelStripBonus4=4,6,2,7,5,9,6,1,3,5,11,6,9,2,4,7,9,3,8,7,2,6,10,7,11,4,10,6,8,7,10,3,10,8,1,7,3,8,2,5,6,9,4,7,5,8,10,0,0,0,0,6
reelStripBonus5=5,6,2,1,5,8,6,10,2,3,11,7,5,2,4,7,6,3,10,7,3,4,9,7,11,4,9,10,8,6,10,3,5,8,2,9,3,8,2,7,6,10,4,5,6,8,9,1,7,8,2,1
reelStripBonus6=