reelStrip1=7,7,7,4,4,4,1,1,1,5,5,5,3,3,3,2,2,2,6,6,6,0,0,0,2,2,2,4,4,4
reelStrip2=7,7,7,3,3,3,8,5,5,5,0,0,0,2,2,2,6,6,6,8,0,0,0,1,1,1,8,4,4,4
reelStrip3=7,7,7,1,1,1,6,6,6,3,3,3,8,2,2,2,7,7,7,5,5,5,8,4,4,4,0,0,0,8
reelStrip4=7,7,7,0,0,0,1,1,1,8,5,5,5,1,1,1,8,6,6,6,3,3,3,8,2,2,2,4,4,4
reelStrip5=7,7,7,2,2,2,5,5,5,6,6,6,5,5,5,0,0,0,1,1,1,4,4,4,3,3,3,6,6,6
reelStrip6=
reelStripBonus1=7,7,7,4,4,4,1,1,1,5,5,5,3,3,3,2,2,2,6,6,6,0,0,0,2,2,2,4,4,4
reelStripBonus2=7,7,7,3,3,3,5,5,5,0,0,0,2,2,2,6,6,6,0,0,0,1,1,1,4,4,4
reelStripBonus3=7,7,7,1,1,1,6,6,6,3,3,3,1,2,2,2,7,7,7,5,5,5,1,4,4,4,0,0,0
reelStripBonus4=7,7,7,0,0,0,1,1,1,5,5,5,1,1,1,6,6,6,3,3,3,1,2,2,2,4,4,4
reelStripBonus5=7,7,7,2,2,2,5,5,5,6,6,6,5,5,5,0,0,0,1,1,1,4,4,4,3,3,3,6,6,6
reelStripBonus6=