reelStrip1=5,1,9,10,9,4,6,5,2,6,9,4,9,5,7,3,10,9,5,10,7,3,10,9,6,10,4,6,10,3,9,5,10,0,0,0,0,6,10,1,9,10,1,6,9,3,9,10,3,10,6,9,4,9,6,10,9,8,10,4,9,10,7,4,10,6,7,10,2,7,9
reelStrip2=7,8,4,7,6,3,9,8,1,9,11,7,4,7,6,7,3,10,2,7,8,10,2,9,4,7,11,10,2,8,11,8,9,4,10,9,4,8,5,8,3,10,5,3,5,8,5,4,10,3,7,5,4,7,5,0,0,0,0,0,10,11,7,10,4,7,6,7,2,8,6,7,2,8,0,0,0,0,10,1,6,10,11,5,9,6,1,5,6,9,2,6,5,6,3,7,9,7,2,9,5,9,3,5,7,4,5
reelStrip3=3,8,1,7,4,8,3,8,2,8,3,5,4,8,1,8,11,3,8,3,5,1,8,1,8,11,8,1,5,3,8,4,8,3,8,1,11,2,5,3,8,1,8,4,0,0,0,0,1,8,2,9,2,8,3,8,2,8,1,7,3,6,4,10,1,11,7
reelStrip4=4,9,4,10,2,0,0,0,0,0,4,8,1,9,6,2,5,4,7,11,7,2,7,4,7,11,10,1,7,4,11,4,7,2,6,2,9,4,6,2,8,2,9,1,10,4,8,0,0,0,0,0,5,2,8,2,9,4,8,10,2,7,4,9,8,2,10,6,3,9,2,10,0,0,0,0,0,0,2,10,3,10,3,5,4,10,2,8,1,9,3,6,1,10,3,8,4,9,1,10
reelStrip5=2,7,10,1,8,3,10,6,2,10,7,3,6,10,1,7,6,5,2,10,2,7,3,7,3,10,9,5,4,5,8,2,9,6,3,6,0,0,0,0,0,0,1,6,2,5,4,8,9,3,7,6,2,5,3,9,4,5,6,1,9,6,7,2,8,3,6,9,4,5,1,8,4,5,3,6,0,0,0,0,0,0,7,2,7,10,1,5,2,6,1,8,6
reelStrip6=
reelStripBonus1=5,6,9,10,9,4,7,5,10,9,7,4,9,5,7,3,10,9,5,10,7,3,10,9,6,10,4,6,10,3,9,5,10,0,0,0,0,8,10,1,7,10,8,2,9,0,0,0,0,2,6,0,0,0,0,10,7,0,0,0,0,10,7,5,6,10,7,6,0,0,0,0,9,4,7,9,10,0,0,0,0,5,6,3,5,8,3,9,10,8,6,5,7,1,6,5,4,6,0,0,0,0,0,0,8
reelStripBonus2=7,8,4,7,6,3,9,8,7,5,11,6,7,5,8,7,3,9,10,7,8,10,2,9,6,7,11,10,8,2,11,8,3,0,0,0,0,0,6,9,6,10,5,3,9,8,5,4,9,3,7,5,4,7,9,0,0,0,0,0,9,11,7,9,4,7,9,6,5,8,10,11,6,8,9,6,1,11,5,10,0,0,0,0,4,7,11,5,0,0,0,0,8,1
reelStripBonus3=3,0,0,0,0,4,9,5,2,8,6,5,10,8,7,9,11,7,8,3,5,11,8,9,1,11,8,6,5,11,6,5,8,5,7,5,10,6,8,6,0,0,0,0,4,5,7,4,8,10,4,9,10,4,6,11,7,6,9,10,6,3,7,0,0,0,0,8,7,10,7,9,0,0,0,0,7,8,9,3,8,9,3,10,9,8,10,6,9,6,10,7,1,6,9,10,6,8,9,2,8
reelStripBonus4=4,9,10,4,8,9,10,11,8,5,4,8,10,9,6,11,5,7,4,7,8,7,10,7,11,1,10,7,4,11,3,7,3,6,0,0,0,0,8,2,9,11,10,1,8,3,0,0,0,0,10,9,6,8,2,9,10,9,6,7,10,9,8,5,3,6
reelStripBonus5=6,7,10,6,8,3,10,6,9,10,7,3,6,10,8,7,6,5,9,10,6,3,5,7,3,10,9,5,4,5,8,7,9,10,6,0,0,0,0,0,0,5,10,6,7,5,4,8,9,2,7,6,3,5,8,9,5,5,6,1,9,10,7,2,8,3,6,9,1,5,6,8,5,4,7,6,10,8,6,9,4,8,9,7,8,9,10,4,9,10,5
reelStripBonus6=