reelStrip1=1,5,7,4,2,3,1,8,9,5,6,7,2,12,1,3,4,9,10,2,5,10,11,3,6,8,4,7,2,8,1,6,4,9,10,1,3,5,11,4
reelStrip2=1,5,7,4,2,3,1,8,9,5,6,7,2,1,3,4,9,10,2,5,10,11,3,6,8,12,4,7,2,8,1,6,4,9,10,1,3,5,11,4
reelStrip3=1,5,7,4,2,3,1,8,12,9,5,6,7,2,1,3,4,9,10,2,5,10,11,3,6,8,4,7,2,8,1,6,4,9,10,1,3,5,11,4
reelStrip4=1,5,7,4,2,3,1,8,9,5,6,7,2,1,3,4,9,10,2,5,10,11,3,6,8,4,7,2,8,1,6,4,12,9,10,1,3,5,11,4
reelStrip5=1,5,7,4,2,3,1,8,9,5,6,7,2,1,3,4,9,12,10,2,5,10,11,3,6,8,4,7,2,8,1,6,4,9,10,1,3,5,11,4
reelStrip6=
reelStripBonus1=1,1,1,1,1,1,1,1,2,2,2,2,2,2,2,2,3,3,3,3,3,3,3,4,4,4,4,4,4,5,5,5,5,5,5,1,5,7,4,2,3,1,8,9,5,6,7,2,1,3,4,9,6,6,6,6,6,6,7,7,7,7,7,7,8,8,8,8,8,8,9,9,9,9,9,9,9,1,5,7,4,2,3,1,8,9,5,6,7,2,1,3,4,9,10,10,10,10,10,10,11,11,11,11,11,11,11
reelStripBonus2=1,1,1,1,1,1,1,1,2,2,2,2,2,2,2,2,3,3,3,3,3,3,3,4,4,4,4,4,4,5,5,5,5,5,5,1,5,7,4,2,3,1,8,9,5,6,7,2,1,3,4,9,6,6,6,6,6,6,7,7,7,7,7,7,8,8,8,8,8,8,9,9,9,9,9,9,9,1,5,7,4,2,3,1,8,9,5,6,7,2,1,3,4,9,10,10,10,10,10,10,11,11,11,11,11,11,11
reelStripBonus3=1,1,1,1,1,1,1,1,2,2,2,2,2,2,2,2,3,3,3,3,3,3,3,4,4,4,4,4,4,5,5,5,5,5,5,1,5,7,4,2,3,1,8,9,5,6,7,2,1,3,4,9,6,6,6,6,6,6,7,7,7,7,7,7,8,8,8,8,8,8,9,9,9,9,9,9,9,1,5,7,4,2,3,1,8,9,5,6,7,2,1,3,4,9,10,10,10,10,10,10,11,11,11,11,11,11,11
reelStripBonus4=1,1,1,1,1,1,1,1,2,2,2,2,2,2,2,2,3,3,3,3,3,3,3,4,4,4,4,4,4,5,5,5,5,5,5,1,5,7,4,2,3,1,8,9,5,6,7,2,1,3,4,9,6,6,6,6,6,6,7,7,7,7,7,7,8,8,8,8,8,8,9,9,9,9,9,9,9,1,5,7,4,2,3,1,8,9,5,6,7,2,1,3,4,9,10,10,10,10,10,10,11,11,11,11,11,11,11
reelStripBonus5=1,1,1,1,1,1,1,1,2,2,2,2,2,2,2,2,3,3,3,3,3,3,3,4,4,4,4,4,4,5,5,5,5,5,5,1,5,7,4,2,3,1,8,9,5,6,7,2,1,3,4,9,6,6,6,6,6,6,7,7,7,7,7,7,8,8,8,8,8,8,9,9,9,9,9,9,9,1,5,7,4,2,3,1,8,9,5,6,7,2,1,3,4,9,10,10,10,10,10,10,11,11,11,11,11,11,11
reelStripBonus6=