reelStrip1=1,1,1,1,1,1,6,8,7,2,2,2,2,2,2,4,9,7,3,3,3,3,3,3,6,7,2,4,4,4,4,4,4,5,3,2,5,5,5,5,5,5,8,1,8,6,6,6,6,6,6,3,5,1,7,7,7,7,7,7,5,3,7,8,8,8,8,8,8,4,6,8
reelStrip2=1,1,1,1,1,1,7,4,6,2,2,2,2,2,2,5,9,1,3,3,3,3,3,3,5,7,8,4,4,4,4,4,4,8,0,7,5,5,5,5,5,5,6,7,4,6,6,6,6,6,6,5,1,8,7,7,7,7,7,7,3,2,3,8,8,8,8,8,8,6,8,2
reelStrip3=1,1,1,1,1,1,5,7,8,2,2,2,2,2,2,7,9,6,3,3,3,3,3,3,8,2,6,4,4,4,4,4,4,8,0,1,5,5,5,5,5,5,7,3,4,6,6,6,6,6,6,5,2,8,7,7,7,7,7,7,6,1,4,8,8,8,8,8,8,5,3,7
reelStrip4=1,1,1,1,1,1,6,8,7,2,2,2,2,2,2,4,9,7,3,3,3,3,3,3,6,7,2,4,4,4,4,4,4,5,0,2,5,5,5,5,5,5,8,1,8,6,6,6,6,6,6,3,5,1,7,7,7,7,7,7,5,3,7,8,8,8,8,8,8,4,6,8
reelStrip5=1,1,1,1,1,1,7,4,6,2,2,2,2,2,2,5,9,1,3,3,3,3,3,3,5,7,8,4,4,4,4,4,4,8,3,7,5,5,5,5,5,5,6,7,4,6,6,6,6,6,6,5,1,8,7,7,7,7,7,7,3,2,3,8,8,8,8,8,8,6,8,2
reelStrip6=
reelStripBonus1=1,1,1,1,1,1,6,8,7,2,2,2,2,2,2,4,7,3,3,3,3,3,3,6,7,2,4,4,4,4,4,4,5,3,2,5,5,5,5,5,5,8,1,8,6,6,6,6,6,6,3,5,1,7,7,7,7,7,7,5,3,7,8,8,8,8,8,8,4,6,8
reelStripBonus2=1,1,1,1,1,1,7,4,6,2,2,2,2,2,2,5,1,3,3,3,3,3,3,5,7,8,4,4,4,4,4,4,8,0,7,5,5,5,5,5,5,6,7,4,6,6,6,6,6,6,5,1,8,7,7,7,7,7,7,3,2,3,8,8,8,8,8,8,6,8,2
reelStripBonus3=1,1,1,1,1,1,5,7,8,2,2,2,2,2,2,7,6,3,3,3,3,3,3,8,2,6,4,4,4,4,4,4,8,0,1,5,5,5,5,5,5,7,3,4,6,6,6,6,6,6,5,2,8,7,7,7,7,7,7,6,1,4,8,8,8,8,8,8,5,3,7
reelStripBonus4=1,1,1,1,1,1,6,8,7,2,2,2,2,2,2,4,7,3,3,3,3,3,3,6,7,2,4,4,4,4,4,4,5,0,2,5,5,5,5,5,5,8,1,8,6,6,6,6,6,6,3,5,1,7,7,7,7,7,7,5,3,7,8,8,8,8,8,8,4,6,8
reelStripBonus5=1,1,1,1,1,1,7,4,6,2,2,2,2,2,2,5,1,3,3,3,3,3,3,5,7,8,4,4,4,4,4,4,8,3,7,5,5,5,5,5,5,6,7,4,6,6,6,6,6,6,5,1,8,7,7,7,7,7,7,3,2,3,8,8,8,8,8,8,6,8,2
reelStripBonus6=