reelStrip1=3,8,6,7,4,3,5,7,8,6,2,3,4,0,3,2,5,7,9,3,8,2,3,0,4,3,6,8,7,5,3,4,7,2,3,8,9,2,4,7,6,3,5,2,8,7,4,8,7,6,5,4,3,5,7,4,2,5,6,3,4,5,8,0,4,7,6,8
reelStrip2=3,8,6,7,4,3,5,7,8,6,2,3,4,0,3,2,5,7,9,3,8,2,3,0,4,3,6,8,7,5,3,4,7,2,3,8,9,2,4,7,6,3,5,2,8,7,4,8,7,6,5,4,3,5,7,4,2,5,6,3,4,5,8,0,4,7,6,8
reelStrip3=3,8,6,7,4,3,5,7,8,6,2,3,4,0,3,2,5,7,9,3,8,2,3,0,4,3,6,8,7,5,3,4,7,2,3,8,9,2,4,7,6,3,5,2,8,7,4,8,7,6,5,4,3,5,7,4,2,5,6,3,4,5,8,0,4,7,6,8
reelStrip4=3,8,6,7,4,3,5,7,8,6,2,3,4,0,3,2,5,7,9,3,8,2,3,0,4,3,6,8,7,5,3,4,7,2,3,8,9,2,4,7,6,3,5,2,8,7,4,8,7,6,5,4,3,5,7,4,2,5,6,3,4,5,8,0,4,7,6,8
reelStrip5=3,8,6,7,4,3,5,7,8,6,2,3,4,0,3,2,5,7,9,3,8,2,3,0,4,3,6,8,7,5,3,4,7,2,3,8,9,2,4,7,6,3,5,2,8,7,4,8,7,6,5,4,3,5,7,4,2,5,6,3,4,5,8,0,4,7,6,8
reelStrip6=
reelStripBonus1=3,8,6,7,4,3,5,7,8,6,2,3,4,0,3,2,5,7,9,3,8,2,3,0,4,3,6,8,7,5,3,4,7,2,3,8,9,2,4,7,6,3,5,2,8,7,4,8,7,6,5,4,3,5,7,4,2,5,6,3,4,5,8,0,4,7,6,8
reelStripBonus2=3,8,6,7,4,3,5,7,8,6,2,3,4,0,3,2,5,7,9,3,8,2,3,0,4,3,6,8,7,5,3,4,7,2,3,8,9,2,4,7,6,3,5,2,8,7,4,8,7,6,5,4,3,5,7,4,2,5,6,3,4,5,8,0,4,7,6,8
reelStripBonus3=3,8,6,7,4,3,5,7,8,6,2,3,4,0,3,2,5,7,9,3,8,2,3,0,4,3,6,8,7,5,3,4,7,2,3,8,9,2,4,7,6,3,5,2,8,7,4,8,7,6,5,4,3,5,7,4,2,5,6,3,4,5,8,0,4,7,6,8
reelStripBonus4=3,8,6,7,4,3,5,7,8,6,2,3,4,0,3,2,5,7,9,3,8,2,3,0,4,3,6,8,7,5,3,4,7,2,3,8,9,2,4,7,6,3,5,2,8,7,4,8,7,6,5,4,3,5,7,4,2,5,6,3,4,5,8,0,4,7,6,8
reelStripBonus5=3,8,6,7,4,3,5,7,8,6,2,3,4,0,3,2,5,7,9,3,8,2,3,0,4,3,6,8,7,5,3,4,7,2,3,8,9,2,4,7,6,3,5,2,8,7,4,8,7,6,5,4,3,5,7,4,2,5,6,3,4,5,8,0,4,7,6,8
reelStripBonus6=