reelStrip1=2,5,7,8,3,4,5,10,1,4,8,2,7,4,9,5,3,2,5,7,8,3,4,5,1,4,8,0,1,8,9,3,5,1,4,8,2,7,4,9,10,2,7,8,11,6,4
reelStrip2=2,5,7,8,10,3,0,1,4,8,2,7,4,9,4,5,0,1,4,8,2,5,7,8,3,4,5,1,4,8,10,7,4,9,5,3,2,0,1,8,9,2,7,8,6,4
reelStrip3=2,5,7,8,11,3,4,5,6,1,4,8,2,7,4,9,0,1,4,8,2,7,4,9,5,3,10,2,0,1,8,9,2,7,8,6,4
reelStrip4=2,5,7,8,3,4,5,0,1,4,8,2,7,4,9,5,10,3,2,0,1,8,9,4,2,7,8,6,4,0,1,4,8,2,7,4,9
reelStrip5=2,5,7,8,3,4,5,10,0,1,4,8,2,7,4,9,5,3,2,0,1,8,9,2,7,8,0,1,4,8,2,7,4,9,6,4
reelStrip6=
reelStripBonus1=
reelStripBonus2=
reelStripBonus3=
reelStripBonus4=
reelStripBonus5=
reelStripBonus6=
