reelStrip1=1,2,2,2,8,4,4,4,6,9,9,9,6,5,4,4,9,9,9,4,4,10,3,3,3,3,8,2,7,5,7,4,4,6,1,2,2,2,8,4,4,4,6,2,2,4,4,6,2,2,4,4,10,3,3,8,2,2,7,5,5,5,5,3,7,4,4,6
reelStrip2=6,3,5,5,5,6,3,5,5,1,2,2,5,5,5,5,10,6,7,3,3,3,9,9,9,4,4,4,4,9,9,9,7,3,8,6,3,5,5,5,6,3,5,5,1,2,2,2,8,5,5,5,5,6,7,3,3,3,4,4,4,4,3,3,7,5,5,8
reelStrip3=6,1,7,6,2,2,9,9,9,3,3,3,2,2,2,8,3,3,7,9,9,9,4,4,4,3,7,4,4,4,7,5,5,5,8,7,6,7,1,2,2,2,7,6,3,3,3,7,2,2,8,7,3,3,7,4,4,4,3,7,10,4,4,7,5,5,5,8
reelStrip4=6,6,1,7,6,2,3,2,2,2,2,2,2,6,7,9,9,9,6,7,6,6,8,4,4,4,4,4,4,8,6,5,5,5,5,5,5,6,8,9,9,9,6,6,2,7,6,6,10,6,7,6,3,3,4,3,3,3,3,6,1,8,6,7,8,6,6,8
reelStrip5=1,2,2,2,2,3,2,2,8,9,9,9,8,7,8,6,2,2,2,2,3,2,2,3,2,6,3,3,3,3,3,3,6,7,9,9,9,4,4,4,4,4,4,1,2,2,2,2,2,2,2,8,5,5,5,5,5,8,8,6,10,6,7,1,6,9,9,9
reelStrip6=
reelStripBonus1=
reelStripBonus2=
reelStripBonus3=
reelStripBonus4=
reelStripBonus5=
reelStripBonus6=