reelStrip1=0, 4, 4, 4, 4, 6, 6, 7, 7, 5, 9, 9, 9, 9, 9, 3, 3, 3, 8, 8, 8, 1, 1, 4, 4, 9, 9, 9, 9, 9, 8, 8, 8, 8, 8, 7, 7, 7, 9, 9, 2, 2, 2
reelStrip2=0, 2, 2, 2, 3, 9, 11, 11, 11, 11, 6, 6, 10, 8, 5, 5, 5, 10, 7, 7, 1, 1, 7, 7, 7, 7, 1, 1, 2, 2, 2, 10, 5, 5, 5, 5, 6, 6, 4
reelStrip3=0, 4, 9, 9, 11, 11, 11, 11, 7, 5, 5, 5, 3, 6, 6, 6, 3, 3, 3, 3, 8, 8, 8, 8, 1, 5, 5, 5, 5, 10, 2, 4, 4, 4, 4, 9, 9, 9, 9, 10, 8, 8, 8
reelStrip4=8, 8, 8, 8, 3, 3, 3, 3, 0, 7, 7, 2, 2, 2, 2, 2, 2, 2, 2, 5, 3, 3, 6, 4, 8, 9, 9, 10, 7, 7, 7, 7, 1, 6, 6, 6, 9, 9, 11, 11, 11, 11
reelStrip5=0, 4, 4, 6, 6, 6, 6, 9, 9, 9, 9, 9, 1, 1, 8, 8, 8, 8, 8, 5, 7, 7, 7, 7, 7, 2, 9, 9, 9, 9, 9, 9, 9, 3, 7, 7, 7, 7, 7, 7, 6, 6, 6, 6, 11, 11, 11, 11, 9, 9, 9, 9, 9, 9, 7, 7
reelStrip6=
reelStripBonus1=0, 4, 4, 5, 6, 6, 5, 5, 5, 9, 9, 3, 9, 3, 3, 8, 8, 1, 1, 9, 9, 1, 7, 2, 7, 7, 2, 2
reelStripBonus2=2, 2, 11, 11, 11, 11, 6, 6, 1, 1, 7, 7, 11, 7, 0, 11, 5, 5, 11, 11, 3, 3, 4, 4
reelStripBonus3=11, 11, 11, 11, 6, 6, 3, 3, 1, 1, 5, 5, 10, 2, 2, 4, 4, 0, 9, 10, 8, 8, 11, 11, 11, 11, 7, 7
reelStripBonus4=8, 8, 3, 3, 3, 3, 0, 2, 2, 2, 2, 5, 9, 9, 11, 11, 7, 7, 1, 6, 6, 6, 11, 11, 11, 11
reelStripBonus5=0, 4, 4, 9, 9, 9, 9, 1, 1, 8, 8, 8, 8, 2, 3, 7, 7, 7, 7, 6, 6, 6, 6, 11, 11, 11, 11, 5, 5
reelStripBonus6=