reelStrip1=10,6,8,4,11,7,9,1,10,3,8,2,11,7,9,1,10,6,8,2,11,7,9,1,10,3,8,6,11,5,9,1,10,6,8,2,11,5,9,12,10,5,8,7,3,11,7,9,1,10,3,8,6,11,5,9,1,10,6,8,2,11,7,9,4,10,3,8,6,11,5,7,4,10,3,8,4,11,7,9,4,10,6,8,2,11,5,9,12,10,5,7,3,11,5,9,12,10,3,8,4,11,7,9,4,10,6,8,2,11,5,9,4,10,6,8,2,11,7,9,4,10,5,7,6,0,0,0,0
reelStrip2=10,6,8,4,11,7,9,1,10,3,8,2,11,7,9,1,10,6,8,2,11,7,9,1,10,3,8,6,11,5,9,1,10,6,8,2,11,5,9,12,10,5,8,7,3,11,7,9,1,10,3,8,6,11,5,9,1,10,6,8,2,11,7,9,4,10,3,8,6,11,5,7,4,10,3,8,4,11,7,9,4,10,6,8,2,11,5,9,12,10,5,7,3,11,5,9,12,10,3,8,4,11,7,9,4,10,6,8,2,11,5,9,4,10,6,8,2,11,7,9,4,10,5,7,6,0,0,0,0
reelStrip3=10,6,8,4,11,7,9,1,10,3,8,2,11,7,9,1,10,6,8,2,11,7,9,1,10,3,8,6,11,5,9,1,10,6,8,2,11,5,9,12,10,5,8,7,3,11,7,9,1,10,3,8,6,11,5,9,1,10,6,8,2,11,7,9,4,10,3,8,6,11,5,7,4,10,3,8,4,11,7,9,4,10,6,8,2,11,5,9,12,10,5,7,4,3,11,5,9,12,10,3,8,4,11,7,9,4,10,6,8,2,11,5,9,4,10,6,8,2,11,7,9,12,10,5,7,6,0,0,0
reelStrip4=10,6,8,4,11,7,9,1,10,3,8,2,11,7,9,1,10,6,8,2,11,7,9,1,10,3,8,6,11,5,9,1,10,6,8,2,11,5,9,12,10,5,8,7,3,11,7,9,1,10,3,8,6,11,5,9,1,10,6,8,2,11,7,9,4,10,3,8,6,11,5,7,4,10,3,8,4,11,7,9,4,10,6,8,2,11,5,9,12,10,5,7,3,11,5,9,12,10,3,8,4,11,7,9,4,10,6,8,2,11,5,9,4,10,6,8,2,11,7,9,4,10,5,7,6,0,0,0,0
reelStrip5=10,6,8,4,11,7,9,1,10,3,8,2,11,7,9,1,10,6,8,2,11,7,9,1,10,3,8,6,11,5,9,1,10,6,8,2,11,5,9,12,10,5,8,7,3,11,7,9,1,10,3,8,6,11,5,9,1,10,6,8,2,11,7,9,4,10,3,8,6,11,5,7,4,10,3,8,4,11,7,9,4,10,6,8,2,11,5,9,12,10,5,7,3,11,5,9,12,10,3,8,4,11,7,9,4,10,6,8,2,11,5,9,4,10,6,8,2,11,7,9,4,10,5,7,6,0,0,0,0
reelStrip6=
reelStripBonus1=
reelStripBonus2=
reelStripBonus3=
reelStripBonus4=
reelStripBonus5=
reelStripBonus6=