reelStrip1=6, 6, 6, 3, 3, 3, 3, 7, 7, 7, 2, 2, 2, 8, 8, 8, 4, 4, 4, 4, 4, 4, 5, 5, 5, 1, 1, 1, 9, 9, 9, 0, 0, 0
reelStrip2=2, 2, 2, 2, 9, 9, 9, 3, 3, 3, 3, 3, 3, 7, 10, 6, 6, 6, 1, 1, 1, 1, 8, 8, 9, 4, 4, 4, 4, 7, 7, 0, 0, 0, 5, 5, 5, 5, 10, 8
reelStrip3=3, 3, 3, 3, 5, 7, 4, 4, 4, 4, 6, 6, 10, 8, 8, 8, 2, 2, 2, 2, 5, 0, 6, 9, 9, 9, 0, 7, 10, 8, 1, 1, 1, 1, 7, 6, 10, 7
reelStrip4=1, 1, 1, 6, 2, 2, 2, 9, 7, 4, 4, 4, 5, 0, 7, 6, 10, 8, 8, 3, 3, 3, 5, 10, 6, 5, 0, 0, 5, 10, 9, 7, 7
reelStrip5=6, 4, 4, 4, 7, 7, 7, 3, 3, 3, 5, 6, 0, 5, 1, 1, 1, 8, 8, 8, 0, 0, 0, 9, 9, 9, 2, 2, 2
reelStrip6=
reelStripBonus1=6,6,3,3,3,2,2,2,4,4,4,6,9,5,1,1,1,1,0,0,0,4,4,4,8,7,9
reelStripBonus2=2,2,2,3,3,3,7,10,9,7,6,6,8,9,1,1,1,1,4,4,4,0,0,0,5,10,8,3,3,3
reelStripBonus3=3,3,3,4,4,4,2,2,2,5,0,6,10,9,8,1,1,1,1,7,6,10,7,4,4,4
reelStripBonus4=1,1,1,1,2,2,2,4,4,4,9,6,10,8,3,3,3,8,5,10,6,0,0,0,7,5,10,9,7
reelStripBonus5=6,8,7,4,4,4,3,3,3,6,5,0,7,5,1,1,1,9,8,0,9,2,2,2,1,1,1
reelStripBonus6=