reelStrip1=10,5,6,9,3,1,4,7,3,11,5,7,12,2,10,7,9,8,5,2,9,7,4,10,6,8,7,3,10,11,1,3,12,4,11,1,2,11,5,6,10,4,5,9,3,6,7,9,2,8,3,10,3,5,8,6,2,11,4,8,2,6,1,2
reelStrip2=3,10,6,8,11,1,3,4,5,6,1,7,12,6,8,11,2,4,5,1,6,3,4,0,5,3,9,2,1,10,6,5,12,10,3,5,8,6,3,8,1,2,11,7,9,8,7,11,8,7,9,2,10,4,11,7,9,10,7,9,10,11,4,5
reelStrip3=7,6,3,8,5,0,5,8,5,4,7,2,12,8,9,6,7,9,3,4,5,1,2,0,9,10,7,2,10,11,4,3,12,10,7,11,6,7,11,10,2,4,11,0,2,3,6,9,4,1,3,2,8,5,1,6,9,1,8,3,10,6,8,11
reelStrip4=11,9,7,10,9,1,11,9,1,6,5,8,12,5,3,7,5,1,2,1,5,3,6,0,3,10,4,7,8,4,3,2,12,3,4,7,2,6,5,10,6,5,7,8,4,6,2,11,8,6,7,1,9,4,11,9,2,10,3,5,4,2,10,3
reelStrip5=9,3,1,8,5,4,2,3,5,8,3,7,12,5,3,9,11,2,8,6,5,1,2,3,8,1,6,5,4,10,6,4,12,2,4,5,10,7,8,9,3,4,9,1,2,7,6,10,9,8,7,11,9,6,10,7,11,4,1,11,10,7,6,11
reelStrip6=
reelStripBonus1=10,5,6,9,3,1,4,7,3,11,5,7,12,2,10,7,9,8,5,2,9,7,4,10,6,8,7,3,10,11,1,3,12,4,11,1,2,11,5,6,10,4,5,9,3,6,7,9,2,8,3,10,3,5,8,6,2,11,4,8,2,6,1,2
reelStripBonus2=3,10,6,8,11,1,3,4,5,6,1,7,12,6,8,11,2,4,5,1,6,3,4,0,5,3,9,2,1,10,6,5,12,10,3,5,8,6,3,8,1,2,11,7,9,8,7,11,8,7,9,2,10,4,11,7,9,10,7,9,10,11,4,5
reelStripBonus3=7,6,3,8,5,0,5,8,5,4,7,2,12,8,9,6,7,9,3,4,5,1,2,0,9,10,7,2,10,11,4,3,12,10,7,11,6,7,11,10,2,4,11,0,2,3,6,9,4,1,3,2,8,5,1,6,9,1,8,3,10,6,8,11
reelStripBonus4=11,9,7,10,9,1,11,9,1,6,5,8,12,5,3,7,5,1,2,1,5,3,6,0,3,10,4,7,8,4,3,2,12,3,4,7,2,6,5,10,6,5,7,8,4,6,2,11,8,6,7,1,9,4,11,9,2,10,3,5,4,2,10,3
reelStripBonus5=9,3,1,8,5,4,2,3,5,8,3,7,12,5,3,9,11,2,8,6,5,1,2,3,8,1,6,5,4,10,6,4,12,2,4,5,10,7,8,9,3,4,9,1,2,7,6,10,9,8,7,11,9,6,10,7,11,4,1,11,10,7,6,11
reelStripBonus6=