reelStrip1=5,6,7,2,3,5,7,3,3,6,7,5,3,7,6,1,7,6,2,3,6,7,6,1,7,6,5,3,2,7,6,5,7,3,7,6,3,5,2,3,5,1,5,3,6,7,3,6,7,2,3,6,5,7,1,6,5,7,3,2,5,6,7,3,2,6,3,7,5,3,6,5,7,3,6,5,7,1,6,5,7,3,3,5,7,3,6,0,7,3,6,5,7,3,6,5,7,3,6,5,7,6,3,5,7
reelStrip2=7,3,3,6,0,5,3,6,7,0,3,6,7,5,3,6,5,7,1,0,5,7,0,6,3,5,2,7,0,6
reelStrip3=5,6,7,2,3,5,7,3,1,6,7,5,6,7,6,5,7,6,2,3,6,7,3,3,7,6,0,5,6,7,6,0,7,6,7,3,3,5,2,3,5,1,6,3,5,7,3,6,7,6,3,2,5,7,1,6,5,7,3,2,5,6,7,3,2,6,3,7,5,7,6,5,7,3,6,5,7,3,6,1,7,3,6,5,7,3,6,5,7,3,3,5,7,3,6,5,7,3,6,5,7,6,3,5,7,6,7,6,7,6,7,6,7,6,7,3,5,6,7,5,7
reelStrip4=5,6,7,2,3,5,7,3,1,6,7,5,6,7,6,5,7,6,2,3,6,7,3,3,7,6,0,5,6,7,6,0,7,6,7,3,3,5,2,3,5,1,6,3,5,7,3,6,7,6,3,2,5,7,1,6,5,7,3,2,5,6,7,3,2,6,3,7,5,7,6,5,7,3,6,5,7,3,6,1,7,3,6,5,7,3,6,5,7,3,3,5,7,3,6,5,7,3,6,5,7,6,3,5,7,6,7,6,7,6,7,6,7,6,7,3,5,6,7,5,7
reelStrip5=5,6,7,2,3,5,7,3,1,6,7,5,6,7,6,5,7,6,2,3,6,7,3,3,7,6,0,5,6,7,6,0,7,6,7,3,3,5,2,3,5,1,6,3,5,7,3,6,7,6,3,2,5,7,1,6,5,7,3,2,5,6,7,3,2,6,3,7,5,7,6,5,7,3,6,5,7,3,6,1,7,3,6,5,7,3,6,5,7,3,3,5,7,3,6,5,7,3,6,5,7,6,3,5,7,6,7,6,7,6,7,6,7,6,7,3,5,6,7,5,7
reelStrip6=
reelStripBonus1=
reelStripBonus2=
reelStripBonus3=
reelStripBonus4=
reelStripBonus5=
reelStripBonus6=