reelStrip1=0,1,2,3,4,5,6,7,8,4,7,2,5,7,3,3,3,6,6,6,6,4,5,5,6,8,8,7,6,1,2,0,0,0,1,1,1,3,5,5,5,5,4,3,3,4,4,6,5,7,8,9,5,4,4,4,3,4,5,6,8,6,7,7,7,7,2,1,0,1,2,4,5,7,6,4,3,2,8,5,4,2,2,6,1,2,0,1,3,5,4,3,3,4,4,6,5,7,8,8,8,8
reelStrip2=0,1,2,3,4,5,6,7,8,4,7,2,5,7,3,3,3,6,6,6,6,4,5,5,6,8,8,7,6,1,2,0,0,0,1,1,1,3,5,5,5,5,4,3,3,4,4,6,5,7,8,9,5,4,4,4,3,4,5,6,8,6,7,7,7,7,2,1,0,1,2,4,5,7,6,4,3,2,8,5,4,2,2,6,1,2,0,1,3,5,4,3,3,4,4,6,5,7,8,8,8,8
reelStrip3=0,1,2,3,4,5,6,7,8,4,7,2,5,7,3,3,3,6,6,6,6,4,5,5,6,8,8,7,6,1,2,0,0,0,1,1,1,3,5,5,5,5,4,3,3,4,4,6,5,7,8,9,5,4,4,4,3,4,5,6,8,6,7,7,7,7,2,1,0,1,2,4,5,7,6,4,3,2,8,5,4,2,2,6,1,2,0,1,3,5,4,3,3,4,4,6,5,7,8,8,8,8
reelStrip4=0,1,2,3,4,5,6,7,8,4,7,2,5,7,3,3,3,6,6,6,6,4,5,5,6,8,8,7,6,1,2,0,0,0,1,1,1,3,5,5,5,5,4,3,3,4,4,6,5,7,8,9,5,4,4,4,3,4,5,6,8,6,7,7,7,7,2,1,0,1,2,4,5,7,6,4,3,2,8,5,4,2,2,6,1,2,0,1,3,5,4,3,3,4,4,6,5,7,8,8,8,8
reelStrip5=0,1,2,3,4,5,6,7,8,4,7,2,5,7,3,3,3,6,6,6,6,4,5,5,6,8,8,7,6,1,2,0,0,0,1,1,1,3,5,5,5,5,4,3,3,4,4,6,5,7,8,9,5,4,4,4,3,4,5,6,8,6,7,7,7,7,2,1,0,1,2,4,5,7,6,4,3,2,8,5,4,2,2,6,1,2,0,1,3,5,4,3,3,4,4,6,5,7,8,8,8,8
reelStrip6=
reelStripBonus1=0,1,2,3,4,5,6,7,8,4,7,2,5,7,3,3,3,6,6,6,6,4,5,5,6,8,8,7,6,1,2,0,0,0,1,1,1,3,5,5,5,5,4,3,3,4,4,6,5,7,8,5,4,4,4,3,4,5,6,8,6,7,7,7,7,2,1,0,1,2,4,5,7,6,4,3,2,8,5,4,2,2,6,1,2,0,1,3,5,4,3,3,4,4,6,5,7,8,8,8,8
reelStripBonus2=0,1,2,3,4,5,6,7,8,4,7,2,5,7,3,3,3,6,6,6,6,4,5,5,6,8,8,7,6,1,2,0,0,0,1,1,1,3,5,5,5,5,4,3,3,4,4,6,5,7,8,5,4,4,4,3,4,5,6,8,6,7,7,7,7,2,1,0,1,2,4,5,7,6,4,3,2,8,5,4,2,2,6,1,2,0,1,3,5,4,3,3,4,4,6,5,7,8,8,8,8
reelStripBonus3=0,1,2,3,4,5,6,7,8,4,7,2,5,7,3,3,3,6,6,6,6,4,5,5,6,8,8,7,6,1,2,0,0,0,1,1,1,3,5,5,5,5,4,3,3,4,4,6,5,7,8,5,4,4,4,3,4,5,6,8,6,7,7,7,7,2,1,0,1,2,4,5,7,6,4,3,2,8,5,4,2,2,6,1,2,0,1,3,5,4,3,3,4,4,6,5,7,8,8,8,8
reelStripBonus4=0,1,2,3,4,5,6,7,8,4,7,2,5,7,3,3,3,6,6,6,6,4,5,5,6,8,8,7,6,1,2,0,0,0,1,1,1,3,5,5,5,5,4,3,3,4,4,6,5,7,8,5,4,4,4,3,4,5,6,8,6,7,7,7,7,2,1,0,1,2,4,5,7,6,4,3,2,8,5,4,2,2,6,1,2,0,1,3,5,4,3,3,4,4,6,5,7,8,8,8,8
reelStripBonus5=0,1,2,3,4,5,6,7,8,4,7,2,5,7,3,3,3,6,6,6,6,4,5,5,6,8,8,7,6,1,2,0,0,0,1,1,1,3,5,5,5,5,4,3,3,4,4,6,5,7,8,5,4,4,4,3,4,5,6,8,6,7,7,7,7,2,1,0,1,2,4,5,7,6,4,3,2,8,5,4,2,2,6,1,2,0,1,3,5,4,3,3,4,4,6,5,7,8,8,8,8
reelStripBonus6=