reelStrip1=6, 6, 0, 0, 0, 0, 6, 6, 4, 4, 7, 7, 3, 12, 3, 12, 8, 5, 5, 2, 11, 2, 11, 6, 6, 6, 6, 7, 7, 7, 7, 5, 5, 5, 5, 1, 10, 1, 10, 8, 7, 7, 3, 12, 4, 4, 4, 4, 6, 6, 5, 5, 5, 5, 8, 7, 7, 5, 7, 7, 5, 3, 12, 3, 12, 1, 10, 4, 8, 4, 4, 2, 11, 2, 11, 6, 6
reelStrip2=0, 0, 0, 0, 7, 7, 7, 7, 4, 4, 6, 6, 4, 4, 6, 1, 10, 6, 6, 3, 12, 3, 12, 9, 9, 9, 9, 7, 7, 7, 7, 7, 8, 5, 5, 5, 7, 6, 6, 6, 6, 7, 7, 8, 4, 4, 4, 4, 1, 10, 1, 10, 6, 6, 6, 6, 2, 11, 2, 11, 7, 8, 7, 7, 5, 5, 4, 4
reelStrip3=6, 6, 6, 3, 12, 3, 12, 8, 5, 5, 5, 5, 0, 0, 0, 0, 5, 5, 4, 4, 5, 5, 5, 8, 5, 4, 4, 4, 4, 1, 10, 5, 5, 7, 5, 5, 7, 7, 5, 1, 10, 1, 10, 5, 2, 11, 2, 11, 9, 9, 9, 9, 4, 4, 4, 4, 6, 6, 4, 4
reelStrip4=0, 0, 0, 0, 1, 10, 1, 10, 2, 11, 2, 11, 9, 9, 9, 9, 7, 7, 7, 7, 2, 11, 2, 11, 7, 1, 10, 4, 3, 12, 5, 3, 12, 4, 8, 4, 4, 1, 10, 3, 12, 3, 12, 6, 6, 6, 6, 6, 4, 4, 4, 4, 5, 5, 5, 5, 7
reelStrip5=0, 0, 0, 0, 5, 5, 7, 7, 1, 10, 5, 5, 1, 10, 4, 4, 0, 0, 4, 4, 5, 5, 1, 10, 1, 10, 2, 11, 2, 11, 6, 6, 4, 4, 4, 4, 4, 1, 10, 3, 12, 3, 12, 6, 6, 6, 6, 7, 7, 7, 7, 8, 2, 11, 4, 4, 3, 12, 2, 11, 3, 12, 2, 11, 2, 11, 5
reelStrip6=
reelStripBonus1=
reelStripBonus2=
reelStripBonus3=
reelStripBonus4=
reelStripBonus5=
reelStripBonus6=