reelStrip1=1,4,5,2,0,8,1,2,7,0,1,5,4,6,3,2,7,1,3,6
reelStrip2=4,5,2,8,1,7,4,9,3,5,1,9,2,6,0,3,9,5,6,1
reelStrip3=7,3,1,0,1,2,5,9,2,6,3,1,6,2,9,3,5,8,4,0
reelStrip4=5,6,3,2,5,4,0,9,3,2,1,0,1,7,4,2,8,3,4,7
reelStrip5=7,4,2,8,1,6,10,0,4,3,6,5,7,1,4,0,8,3,4,10
reelStrip6=
reelStripBonus1=1,4,5,2,0,8,1,2,7,0,1,5,4,6,3,2,7,1,3,6
reelStripBonus2=4,5,2,8,1,7,4,9,3,5,1,9,2,6,0,3,9,5,6,1
reelStripBonus3=7,3,1,0,1,2,5,9,2,6,3,1,6,2,9,3,5,8,4,0
reelStripBonus4=5,6,3,2,5,4,0,9,3,2,1,0,1,7,4,2,8,3,4,7
reelStripBonus5=7,4,2,8,1,6,5,0,4,3,6,5,7,1,4,0,8,3,4,1
reelStripBonus6=