reelStrip1=1,1,5,10,2,2,8,8,7,0,10,5,4,4,3,3,10,6,6,6
reelStrip2=8,0,2,9,1,2,7,3,10,4,1,2,1,9,0,3,5,10,6,1
reelStrip3=7,7,9,8,1,1,4,10,2,6,9,0,6,2,3,3,10,5,5,0
reelStrip4=5,0,9,3,4,1,10,0,2,2,4,1,10,7,4,2,8,3,9,6
reelStrip5=8,4,2,3,10,6,2,8,4,6,6,5,7,7,0,1,8,3,10,1
reelStrip6=
reelStripBonus1=1,1,5,10,2,2,8,8,7,0,10,5,4,4,3,3,10,6,6,6
reelStripBonus2=8,0,2,9,1,2,7,3,10,4,1,2,1,9,0,3,5,10,6,1
reelStripBonus3=7,7,9,8,1,1,4,10,2,6,9,0,6,2,3,3,10,5,5,0
reelStripBonus4=5,0,9,3,4,1,10,0,2,2,4,1,10,7,4,2,8,3,9,6
reelStripBonus5=8,4,2,3,10,6,2,8,4,6,6,5,7,7,0,1,8,3,10,1
reelStripBonus6=