reelStrip1=2,4,11,3,2,7,0,6,1,4,9,0,5,6,1,13,10,11,5,8,0,5,1,0,3,8,5,2,13,1
reelStrip2=2,4,12,3,2,7,0,6,1,4,9,0,5,6,1,12,10,10,10,1,9,2,9,6,4,11,0,2,0,2
reelStrip3=2,4,13,3,2,7,12,6,1,4,9,0,10,10,13,10,12,4,5,8,1,11,0,5,0,3,4,0,2,6
reelStrip4=2,4,1,3,12,7,0,6,1,4,9,0,5,6,12,10,10,4,5,7,3,6,12,8,0,5,0,2,11,1
reelStrip5=2,4,1,3,2,7,0,6,11,4,9,0,5,6,10,11,10,10,13,5,0,8,1,0,13,4,5,0,6,2
reelStrip6=
reelStripBonus1=2,4,11,3,2,7,0,6,1,4,9,0,5,6,1,13,10,11,5,8,0,5,1,0,3,8,5,2,13,1
reelStripBonus2=2,4,12,3,2,7,0,6,1,4,9,0,5,6,1,12,10,10,10,1,9,2,9,6,4,11,0,2,0,2
reelStripBonus3=2,4,2,3,2,7,12,6,1,4,9,0,10,10,3,10,12,4,5,8,1,11,0,5,0,3,4,0,2,6
reelStripBonus4=2,4,1,3,12,7,0,6,1,4,9,0,5,6,12,10,10,4,5,7,3,6,12,8,0,5,0,2,11,1
reelStripBonus5=2,4,1,3,2,7,0,6,1,4,9,0,5,6,10,11,10,10,5,5,0,8,1,0,11,4,5,0,6,2
reelStripBonus6=