reelStrip1=4,4,5,5,9,9,11,11,13,13,11,11,9,9,13,13,7,7,9,9,13,13,10,10,12,12,11,11,6,6,9,9,7,7,10,10,13,13,11,11,3,3,5,5,11,11,8,8,9,9,12,12,8,8
reelStrip2=13,1,12,10,10,12,9,9,11,11,4,4,12,12,10,10,5,5,1,6,6,10,10,1,7,7,13,13,1,10,10,6,6,9,9,8,8,12,12,10,10,3,3,11,11,12,12,8,8,13
reelStrip3=3,9,9,12,12,1,4,4,9,9,6,6,13,13,11,11,8,8,6,6,13,13,11,11,9,9,13,13,7,7,1,11,11,4,4,13,13,10,10,1,11,11,9,9,1,7,7,5,5,12,12,1,3
reelStrip4=11,10,10,8,8,12,12,5,5,10,10,8,8,12,12,5,5,10,10,7,7,12,12,10,10,1,4,4,6,6,12,12,7,7,11,11,8,8,12,12,4,4,7,7,13,13,12,12,10,10,3,3,6,6,12,12,10,10,4,4,10,10,9,9,6,6,13,13,11
reelStrip5=5,5,13,13,3,3,5,5,10,10,4,4,9,9,6,6,13,13,10,10,11,11,12,12,11,11,13,13,7,7,1,13,13,11,11,7,7,5,5,12,12,3,3,9,9,6,6,9,9,13,13,6,6,11,11,13,13,8,8,11,11,13,13,7,7,13,13,11,11,9,9,12,12
reelStrip6=
reelStripBonus1=4,4,5,5,9,9,11,11,13,13,11,11,9,9,13,13,7,7,9,9,13,13,10,10,12,12,11,11,6,6,9,9,7,7,10,10,13,13,11,11,3,3,5,5,11,11,8,8,9,9,12,12,8,8
reelStripBonus2=13,1,12,10,10,12,9,9,11,11,4,4,12,12,10,10,5,5,6,6,10,10,7,7,13,13,10,10,6,6,9,9,8,8,12,12,10,10,3,3,11,11,12,12,8,8,13
reelStripBonus3=3,9,9,12,12,1,4,4,9,9,6,6,13,13,11,11,8,8,6,6,13,13,11,11,9,9,13,13,7,7,1,11,11,4,4,13,13,10,10,1,11,11,9,9,7,7,5,5,12,12,1,3
reelStripBonus4=11,10,10,8,8,12,12,5,5,10,10,8,8,12,12,5,5,10,10,7,7,12,12,10,10,1,4,4,6,6,12,12,7,7,11,11,8,8,12,12,4,4,7,7,13,13,12,12,10,10,3,3,6,6,12,12,10,10,4,4,10,10,9,9,6,6,13,13,11
reelStripBonus5=5,5,13,13,3,3,5,5,10,10,4,4,9,9,6,6,13,13,10,10,11,11,12,12,11,11,13,13,7,7,1,13,13,11,11,7,7,5,5,12,12,3,3,9,9,6,6,9,9,13,13,6,6,11,11,13,13,8,8,11,11,13,13,7,7,13,13,11,11,9,9,12,12
reelStripBonus6=