reelStrip1=10,1,1,1,7,5,11,9,4,11,9,7,12,6,7,10,8,7,9,6,8,5,6,7,5,2,2,3,4,9,3
reelStrip2=7,1,1,1,11,8,3,11,2,7,9,10,12,4,9,7,4,8,0,7,3,5,4,3,10,2,2,10,11,5,6
reelStrip3=10,1,1,1,4,3,6,5,2,6,5,8,12,9,3,6,7,3,0,6,4,9,7,8,9,2,2,9,4,11,9
reelStrip4=10,1,1,1,6,4,10,9,2,3,9,6,12,7,5,4,10,7,0,4,5,11,9,3,11,2,2,11,4,8,3
reelStrip5=6,1,1,1,11,8,4,11,2,6,3,10,12,5,3,10,7,9,0,8,10,7,8,4,9,2,2,8,7,5,8
reelStrip6=
reelStripBonus1=10,1,1,1,7,5,11,9,4,11,9,7,12,6,7,10,8,7,9,6,8,5,6,7,5,2,2,3,4,9,3
reelStripBonus2=7,1,1,1,11,8,3,11,2,7,9,10,12,4,9,7,4,8,0,7,3,5,4,3,10,2,2,10,11,5,6
reelStripBonus3=10,1,1,1,4,3,6,5,2,6,5,8,12,9,3,6,7,3,0,6,4,9,7,8,9,2,2,9,4,11,9
reelStripBonus4=10,1,1,1,6,4,10,9,2,3,9,6,12,7,5,4,10,7,0,4,5,11,9,3,11,2,2,11,4,8,3
reelStripBonus5=6,1,1,1,11,8,4,11,2,6,3,10,12,5,3,10,7,9,0,8,10,7,8,4,9,2,2,8,7,5,8
reelStripBonus6=