reelStrip1=2,4,1,3,2,7,0,6,11,4,9,0,5,6,1,2,11,4,5,8
reelStrip2=7,8,0,1,3,10,4,6,0,5,7,0,9,1,5,0,1,2,5,1
reelStrip3=0,3,9,7,1,0,6,11,0,8,3,0,6,1,4,10,2,7,4,5
reelStrip4=3,6,0,10,7,0,4,8,0,2,6,8,5,7,3,6,9,4,1,2
reelStrip5=2,10,3,0,11,7,0,5,6,2,9,4,7,3,1,6,5,1,8,4
reelStrip6=
reelStripBonus1=2,4,1,3,2,7,0,6,11,4,9,0,5,6,1,2,11,4,5,8
reelStripBonus2=7,8,0,1,3,10,4,6,0,5,7,0,9,1,5,0,1,2,5,1
reelStripBonus3=0,3,9,7,1,0,6,11,0,8,3,0,6,1,4,10,2,7,4,5
reelStripBonus4=3,6,0,10,7,0,4,8,0,2,6,8,5,7,3,6,9,4,1,2
reelStripBonus5=2,10,3,0,11,7,0,5,6,2,9,4,7,3,1,6,5,1,8,4
reelStripBonus6=