reelStrip1=6,4,5,6,3,5,2,7,4,1,5,3,6,4,7,5,1,6,3,5,4,6,2,7,5,3,6,4,5,6,3,5,2,6,4,7,3,6,5
reelStrip2=1,6,4,5,7,6,3,0,2,5,6,7,4,3,6,0,5,1,4,5,0,3,2,7,6,5
reelStrip3=3,6,5,7,4,5,6,4,6,5,3,2,6,3,5,6,4,7,1,6,5,3,4,5,6,0,2,1,5,4,6,7,3,5,6,4,5
reelStrip4=1,6,7,4,5,6,3,7,0,2,5,6,4,3,6,0,7,5,1,4,5,7,0,3,2,6,7,5
reelStrip5=6,4,5,7,6,3,5,2,4,1,5,7,3,6,4,5,1,6,3,5,4,7,6,2,5,3,6,4,5,6,3,5,2,6,7,4,3,6,5
reelStrip6=
reelStripBonus1=6,4,5,6,3,5,2,7,4,1,5,3,6,4,7,5,1,6,3,5,4,6,2,7,5,3,6,4,5,6,3,5,2,6,4,7,3,6,5
reelStripBonus2=6,4,5,6,3,5,2,7,4,1,5,3,6,4,7,5,1,6,3,5,4,6,2,7,5,3,6,4,5,6,3,5,2,6,4,7,3,6,5
reelStripBonus3=6,4,5,6,3,5,2,7,4,1,5,3,6,4,7,5,1,6,3,5,4,6,2,7,5,3,6,4,5,6,3,5,2,6,4,7,3,6,5
reelStripBonus4=6,4,5,6,3,5,2,7,4,1,5,3,6,4,7,5,1,6,3,5,4,6,2,7,5,3,6,4,5,6,3,5,2,6,4,7,3,6,5
reelStripBonus5=6,4,5,6,3,5,2,7,4,1,5,3,6,4,7,5,1,6,3,5,4,6,2,7,5,3,6,4,5,6,3,5,2,6,4,7,3,6,5
reelStripBonus6=6,4,5,6,3,5,2,7,4,1,5,3,6,4,7,5,1,6,3,5,4,6,2,7,5,3,6,4,5,6,3,5,2,6,4,7,3,6,5