reelStrip1=9,0,0,4,8,3,3,7,2,5,3,6,1,1,4,8,3,3,8,2,2,9,1,1,7,0,0,6,5,7,2,2,9,4,7,0,0,7,0,0,7,5,2,6,4,7,5,3,3
reelStrip2=9,1,1,8,3,3,6,0,0,9,4,5,8,2,2,7,3,8,0,0,6,4,3,9,1,1,8,2,2,7,4,4,8,1,1,8,1,1,6,5,5,7,4,8,2,2
reelStrip3=9,0,8,1,2,7,5,4,6,0,9,4,7,1,1,8,2,6,3,9,2,6,3,9,4,7,0,0,8,2,6,3,9,3,8,1,1,6,5,9,4,6,0,0,7,4,9,1,6,5
reelStrip4=9,0,0,6,5,7,2,6,4,9,5,0,6,1,1,7,3,2,8,0,1,8,4,2,8,5,0,7,4,3,3,6,0,0,9,1,1,6,2,2,8,0,7,4,5,9,0,0,8,2,5,4,9,3,3,6,4,7,5
reelStrip5=9,1,1,7,5,1,6,1,0,9,5,1,8,3,6,0,0,7,4,8,3,3,7,3,9,2,2,6,0,5,8,5,1,7,4,26,2,6,1,1,9,5,6,4,5,8,4,2,6,1,1,7,4,9,3,3,8,2,2
reelStrip6=
reelStripBonus1=16,13,15,16,10,13,15,12,16,13,10,12,18,16,12,15,10,13,12,13,15,16,16,12,13,16,10,15,10,12,16,13,10,15,12,18,10
reelStripBonus2=16,13,17,11,17,10,14,10,17,11,16,13,10,17,13,11,16,13,10,14,17,13,16,11,17,14,10,17,11,14,10,11,14,13,14,17,13,10,14,16,11
reelStripBonus3=18,15,11,17,14,15,12,18,11,15,17,12,11,12,15,14,17,12,15,11,18,14,17,15,11,12,14,18,15,11,14,12,14,17,15,12,14,18,15,11
reelStripBonus4=16,13,18,15,16,11,17,12,10,14,13,12,11,15,13,10,17,12,10,11,16,12,15,10,14,17,12,13,15,16,11,10,14,17,13,11,12,14,16,10,13,11,14,12,14,10,11,17,13,10,15,12,14,18,15,11
reelStripBonus5=16,13,18,15,16,11,17,12,10,14,13,12,16,11,15,13,10,17,21,12,10,11,16,12,15,10,14,17,12,13,15,16,11,18,10,14,17,13,11,12,14,21,10,13,11,14,12,14,10,11,17,13,10,15,12,14,15,11
reelStripBonus6=