reelStrip1=1,2,2,2,10,6,3,3,3,9,4,4,4,8,5,5,5,7,3,3,3,2,2,2,6,5,5,5,6,4,4,4
reelStrip2=6,1,2,2,2,11,3,3,3,9,4,4,4,8,5,5,5,7,8,2,2,8,5,5,8,7,3,3,3,6,4,4,4
reelStrip3=6,1,2,2,2,3,3,3,10,9,4,4,4,11,5,5,5,7,2,2,2,8,5,5,5,7,3,3,7,6,4,4,7
reelStrip4=6,2,7,6,2,2,3,11,3,3,4,6,9,7,6,4,4,4,6,5,5,5,6,7,8,6,7,8,6,7,8,6,8
reelStrip5=6,2,7,3,2,2,10,8,3,3,3,8,9,7,8,4,4,4,5,5,5,3,2,2,6,7,8,6,7,8,6,8
reelStrip6=
reelStripBonus1=
reelStripBonus2=
reelStripBonus3=
reelStripBonus4=
reelStripBonus5=
reelStripBonus6=