reelStrip1=11,7,9,10,5,8,6,11,7,10,8,6,9,3,11,4,9,8,10,7,1,11,6,10,8,5,9,7,11,6,9,11,8,10,11,6,9,8,10,7,11,5,8,1,10,6,9,11,7,10,8,4,9,2,11,7,3,9,8,10,7,11,8,5,7,10,9,6,11,4,10,8,9,11,6,10,3,9,10,4,2,7,11,6,9,8,10,5,8,7,1,11,9,8,10,7,11,6,10,4
reelStrip2=11,7,9,10,5,8,6,11,7,10,8,0,9,3,11,4,9,8,10,7,1,11,6,10,8,5,9,7,11,6,9,0,8,10,11,6,9,8,10,7,11,5,8,1,10,6,9,11,7,10,8,4,9,2,11,7,3,9,8,10,7,11,8,5,7,10,9,6,11,4,10,8,9,0,6,11,3,9,10,4,2,7,11,6,9,8,10,5,8,7,1,11,9,8,10,7,11,6,10,4
reelStrip3=11,7,2,10,5,8,6,11,7,10,8,0,9,3,11,4,9,6,10,7,1,11,6,10,8,5,9,7,3,11,9,0,6,10,11,6,5,8,10,7,11,5,8,1,10,6,9,11,7,10,8,4,9,2,11,7,3,9,8,5,7,11,8,5,7,10,9,6,11,4,10,8,9,0,6,11,3,9,10,4,2,7,11,6,9,8,10,5,8,7,1,11,6,4,10,7,11,6,10,4
reelStrip4=11,7,9,10,5,8,6,11,7,10,8,0,9,3,11,4,9,8,10,7,1,11,6,10,8,5,9,7,11,6,9,0,8,10,11,6,9,8,10,7,11,5,8,1,10,6,9,11,7,10,8,4,9,2,11,7,3,9,8,10,7,11,8,5,7,10,9,6,11,4,10,8,9,0,6,11,3,9,10,4,2,7,11,6,9,8,10,5,8,7,1,11,9,8,10,7,11,6,10,4
reelStrip5=11,7,9,10,5,8,6,11,7,10,8,6,9,3,11,4,9,8,10,7,1,11,6,10,8,5,9,7,11,6,9,11,8,10,11,6,9,8,10,7,11,5,8,1,10,6,9,11,7,10,8,4,9,2,11,7,3,9,8,10,7,11,8,5,7,10,9,6,11,4,10,8,9,11,6,10,3,9,10,4,2,7,11,6,9,8,10,5,8,7,1,11,9,8,10,7,11,6,10,4
reelStrip6=
reelStripBonus1=
reelStripBonus2=
reelStripBonus3=
reelStripBonus4=
reelStripBonus5=
reelStripBonus6=