reelStrip1=3,3,3,3,9,6,10,10,10,10,4,4,4,4,0,0,6,5,4,12,8,8,3,3,3,10,5,5,5,7,7,0,0,4,4,9,8,8,3,3,3,4,4,6,3,3,5,5,5,5,7,1,1,4,4,5,5,5,1,2,2,2,4,4
reelStrip2=1,1,3,2,11,5,10,0,0,0,3,2,2,2,0,0,3,3,4,12,8,8,1,1,1,0,5,5,5,7,7,0,8,2,2,9,10,1,8,11,6,9,2,6,3,3,1,1,1,4,4,3,3,4,4,5,5,5,0,3,2,2,4,4
reelStrip3=1,1,2,3,11,5,10,0,0,0,2,3,2,2,0,0,1,1,5,8,8,12,1,1,3,3,3,8,8,7,7,0,0,2,2,9,10,1,8,11,6,7,2,6,3,3,8,10,10,10,0,3,3,8,8,8,5,8,0,2,2,2,1,4
reelStrip4=1,7,1,5,11,6,0,10,10,10,6,6,6,2,0,0,6,1,6,12,8,8,1,7,7,10,5,5,5,7,7,0,10,4,4,9,8,8,7,3,3,5,6,6,7,7,5,5,5,5,7,1,1,4,4,5,5,5,1,0,0,0,6,6
reelStrip5=1,1,2,7,11,6,10,0,0,0,2,2,2,2,0,0,1,6,7,1,6,12,1,1,1,0,2,7,9,2,7,0,0,2,2,9,1,4,3,3,3,9,9,6,0,0,10,10,10,10,0,6,6,7,8,6,5,7,0,2,2,2,1,4
reelStrip6=4,4,5,9,11,3,6,10,10,10,3,3,3,2,0,0,10,4,6,12,8,8,9,9,4,10,5,5,5,7,7,3,3,4,4,9,8,8,9,3,3,5,3,3,9,9,5,5,5,5,7,1,1,4,4,5,5,5,4,2,0,2,6,3
reelStripBonus1=1,1,3,2,13,5,2,0,0,0,13,2,2,2,0,0,3,3,4,13,8,8,1,1,1,13,5,5,5,7,7,0,8,2,2,9,13,1,8,6,6,9,3,13,3,3,1,1,13,4,4,3,13,4,4,5,5,5,13,3,2,2,4,4,13,0,0,0,3,1
reelStripBonus2=3,3,3,3,9,6,10,10,10,10,4,4,4,4,0,0,6,5,4,8,8,3,3,3,10,5,5,5,7,7,0,0,4,4,9,8,8,3,3,3,4,4,6,3,3,5,5,5,5,7,1,1,4,4,5,5,5,1,2,2,2,4,4
reelStripBonus3=1,1,2,3,5,10,0,0,0,2,10,2,2,0,0,1,1,5,8,8,10,1,1,3,3,3,8,8,7,7,0,0,2,2,9,10,1,8,3,6,7,2,6,3,3,8,10,10,10,0,3,3,8,8,8,5,8,0,2,2,2,1,4
reelStripBonus4=1,7,1,5,11,6,0,10,10,10,6,6,6,2,0,0,6,1,6,8,8,1,7,7,10,5,5,5,7,7,0,10,4,4,9,8,8,7,3,3,5,6,6,7,7,5,5,5,5,7,1,1,4,4,5,5,5,1,0,0,0,6,6
reelStripBonus5=1,1,2,7,11,6,10,0,0,0,2,2,2,2,0,0,1,6,7,1,6,10,1,1,1,0,2,7,9,10,7,0,0,2,2,9,1,4,3,3,3,9,9,6,0,0,2,10,0,6,6,7,8,6,5,7,0,2,2,2,1,4
reelStripBonus6=4,4,5,9,11,3,6,10,3,3,3,2,0,0,10,4,6,8,8,9,9,4,10,5,5,5,7,7,3,3,4,4,9,8,8,9,3,3,5,3,3,9,9,5,5,5,5,7,1,1,4,4,5,5,5,4,2,0,2,6,3