reelStrip1=1,2,5,6,3,9,5,7,2,0,9,2,6,1,7,4,8,1,0,3
reelStrip2=3,1,10,8,4,3,9,2,4,8,7,4,2,3,0,6,4,9,3,5
reelStrip3=5,2,9,4,8,5,2,3,4,6,0,8,5,7,3,8,1,10,0,2
reelStrip4=7,0,2,1,5,9,0,8,3,2,10,1,6,5,4,2,10,1,0,3
reelStrip5=3,8,0,6,1,4,7,3,8,4,5,3,2,0,1,3,9,0,4,7
reelStrip6=
reelStripBonus1=1,1,1,2,5,5,5,6,6,6,3,3,3,9,5,7,2,0,9,2,2,2,6,1,7,7,7,4,4,4,8,8,8,1,0,0,0,3
reelStripBonus2=3,1,10,8,4,3,9,2,4,8,7,4,2,3,0,6,4,9,3,5
reelStripBonus3=5,2,9,4,8,5,2,3,4,6,0,8,5,7,3,8,1,10,0,2
reelStripBonus4=7,0,2,1,5,9,0,8,3,2,10,1,6,5,4,2,10,1,0,3
reelStripBonus5=3,8,0,6,1,4,7,3,8,4,5,3,2,0,1,3,9,0,4,7
reelStripBonus6=