reelStrip1=7, 3, 4, 6, 2, 0, 3, 8, 11, 2, 10, 12, 13, 4, 9, 12, 5, 6, 0, 7, 10, 11, 0, 2, 3, 4, 6, 8, 10, 0, 11, 12, 2, 10, 6, 10, 1, 2, 0, 6, 9
reelStrip2=10, 1, 6, 11, 3, 8, 9, 4, 12, 7, 13, 1, 4, 2, 5, 3, 0, 7, 12, 8, 5, 9, 11, 1, 3, 4, 5, 7, 8, 9, 11, 12, 1, 5, 9, 3, 7, 11, 3, 7, 11
reelStrip3=1, 0, 5, 6, 2, 8, 9, 10, 11, 13, 2, 1, 0, 5, 12, 7, 6, 2, 8, 4, 9, 10, 1, 4, 0, 5, 6, 8, 10, 12, 1, 5, 9, 11, 2, 3, 4, 0, 6, 7, 10
reelStrip4=1, 2, 6, 3, 4, 5, 7, 9, 10, 0, 11, 12, 8, 13, 1, 2, 9, 3, 7, 4, 5, 12, 6, 1, 8, 10, 11, 1, 2, 3, 4, 0, 5, 6, 7, 8, 9, 10, 11, 12, 2, 0, 3, 4, 5, 6, 7, 8, 9, 10, 11, 12, 0, 8
reelStrip5=2, 3, 6, 11, 5, 1, 7, 0, 4, 8, 10, 9, 2, 12, 13, 1, 4, 5, 6, 8, 3, 7, 0, 9, 10, 11, 12, 1, 2, 3, 4, 0, 5, 6, 7, 8, 9, 10, 11, 12, 0, 1, 2, 3, 4, 5, 13, 6, 7, 8, 9, 10, 11, 12
reelStrip6=
reelStripBonus1=2, 3, 4, 12, 5, 1, 6, 13, 7, 8, 10, 11, 9, 5, 1, 2, 3, 4, 11, 6, 7, 0, 8, 9, 10, 12
reelStripBonus2=10, 0, 2, 3, 8, 4, 5, 6, 1, 7, 9, 11, 12, 13, 1, 2, 3, 4, 8, 6, 7, 9, 10, 12, 11, 5, 13
reelStripBonus3=4, 1, 2, 3, 5, 6, 7, 0, 8, 9, 13, 10, 11, 1, 12, 2, 3, 12, 5, 6, 13, 7, 8, 9, 10, 4, 11
reelStripBonus4=3, 1, 2, 4, 5, 6, 7, 8, 9, 10, 11, 12, 13, 1, 5, 2, 3, 6, 7, 8, 4, 9, 12, 10, 11, 0
reelStripBonus5=3, 1, 4, 2, 7, 11, 5, 6, 0, 8, 9, 12, 10, 13, 3, 1, 9, 2, 4, 6, 8, 10, 5, 7, 12, 11
reelStripBonus6=