reelStrip1=0,0,0,0,6,6,4,7,7,3,3,3,3,5,5,2,2,2,2,8,4,6,6,6,6,9,7,7,7,7,3,5,5,5,5,1,1,8,5,7,7,4,4,4,4,6,6,2,2,5,7,1,1,7,7,7,3,8,8,8,8
reelStrip2=7,7,7,6,0,6,6,3,3,3,7,7,7,10,10,10,10,6,5,0,6,6,6,9,7,7,7,0,8,8,4,4,5,5,2,6,4,8,2,2,1,8,5,4,4,4,6,6,5,5,5,5,9,8,8,5,3,3,8,8,8,8,5,5,8,8,8,8,5,5
reelStrip3=7,7,7,3,3,7,6,6,6,6,3,3,3,7,7,10,10,10,10,7,7,5,5,5,5,5,0,6,6,6,6,8,7,4,4,4,4,7,7,6,9,8,7,1,1,1,6,6,1,6,6,6,1,8,4,4,4,4,6,6,2,8,8,8,8,8,8,8
reelStrip4=0,7,7,6,8,7,0,6,7,6,6,3,3,3,3,3,7,7,10,10,10,10,7,7,9,5,5,5,5,4,4,7,7,7,7,1,1,1,1,6,6,2,2,2,2,8,1,6,4,4,4,4,6,6,6,9,8,8,3,6,6
reelStrip5=0,0,0,0,5,5,7,1,1,1,1,5,4,4,4,4,5,2,2,6,6,3,3,3,3,6,6,6,6,7,7,7,7,2,2,2,2,7,8,8,4,4,3,3,9,5,5,5,5,9,8,8,8,8,3,5,5,9,5,5,5,4,4,4,4,8,8,8,8
reelStrip6=11,11,11,11,11,11,11,11,11,11,12,13,14,15,11,11,11,11,11,11,16,17,18,19,11,11,11,11,11,11,20,21,22,23,11,11,11,11,11,11,11,16,17,18,19,11,11,11,11,11,11,11,20,21,22,23,11,11,11,11,11,11,11,11,11,11,11,11,11,11,11,11,11,11
reelStripBonus1=0,0,0,0,6,6,4,7,7,3,3,3,3,5,5,2,2,2,2,8,4,6,6,6,6,9,7,7,7,7,3,5,5,5,5,1,1,8,5,7,7,4,4,4,4,6,6,2,2,5,7,1,1,7,7,7,3,8,8,8,8
reelStripBonus2=7,7,7,6,0,6,6,3,3,3,7,7,7,10,10,10,10,6,5,0,6,6,6,9,7,7,7,0,8,8,4,4,5,5,2,6,4,8,2,2,1,8,5,4,4,4,6,6,5,5,5,5,9,8,8,5,3,3,8,8,8,8,5,5,8,8,8,8,5,5
reelStripBonus3=7,7,7,3,3,7,6,6,6,6,3,3,3,7,7,10,10,10,10,7,7,5,5,5,5,5,0,6,6,6,6,8,7,4,4,4,4,7,7,6,9,8,7,1,1,1,6,6,1,6,6,6,1,8,4,4,4,4,6,6,2,8,8,8,8,8,8,8
reelStripBonus4=0,7,7,6,8,7,0,6,7,6,6,3,3,3,3,3,7,7,10,10,10,10,7,7,9,5,5,5,5,4,4,7,7,7,7,1,1,1,1,6,6,2,2,2,2,8,1,6,4,4,4,4,6,6,6,9,8,8,3,6,6
reelStripBonus5=0,0,0,0,5,5,7,1,1,1,1,5,4,4,4,4,5,2,2,6,6,3,3,3,3,6,6,6,6,7,7,7,7,2,2,2,2,7,8,8,4,4,3,3,9,5,5,5,5,9,8,8,8,8,3,5,5,9,5,5,5,4,4,4,4,8,8,8,8
reelStripBonus6=11,11,11,11,11,11,11,11,11,11,12,13,14,15,11,11,11,11,11,11,16,17,18,19,11,11,11,11,11,11,20,21,22,23,11,11,11,11,11,11,11,16,17,18,19,11,11,11,11,11,11,11,20,21,22,23,11,11,11,11,11,11,11,11,11,11,11,11,11,11,11,11,11,11