reelStrip1=9,7,8,5,11,12,6,10,0,3,4,5,9,6,7,3,4,12,11,10,8,10,3,11,12,6,4,8,5,9,7,8,10,0,6,5,4,9,3,12,11
reelStrip2=10,3,11,12,6,4,8,5,9,5,7,9,7,8,5,11,12,6,10,0,3,4,5,9,6,7,3,4,12,0,11,10,8,10,3,11,12,6,4,8,5,9,7,8,10,0,6,5,4,9,3,12,11
reelStrip3=9,7,8,5,11,12,6,10,3,4,5,9,6,7,3,4,12,11,10,8,10,3,11,12,6,4,8,5,9,7,8,10,0,6,5,4,9,3,12,11,7,8,10,0,6,5,4,9,3,12,11,1
reelStrip4=12,0,10,4,9,9,7,8,5,11,12,6,10,0,3,4,5,9,6,7,3,4,12,0,11,10,8,10,3,11,12,6,4,8,5,9,7,8,10,0,6,5,4,9,3,12,11,6,5,8,11,3,1,7
reelStrip5=5,9,6,9,7,8,5,11,12,6,10,3,4,5,9,6,7,3,4,12,0,11,10,8,10,3,11,12,6,4,8,5,9,7,8,10,0,6,5,4,9,3,12,11,7,3,4,12,0,11,10,8
reelStrip6=
reelStripBonus1=9,7,8,5,11,12,6,10,0,3,4,5,9,6,7,3,4,12,11,10,8,10,3,11,12,6,4,8,5,9,7,8,10,0,6,5,4,9,3,12,11
reelStripBonus2=10,3,11,12,6,4,8,5,9,0,1,7,9,7,8,5,11,12,6,10,3,4,5,9,6,7,3,4,12,11,10,8,10,3,11,12,6,4,8,5,9,7,8,10,0,6,5,4,9,3,12,11
reelStripBonus3=9,7,8,5,11,12,6,10,0,3,4,5,9,6,7,3,4,12,0,11,10,8,10,3,11,12,6,4,8,5,9,7,8,10,0,6,5,4,9,3,12,11,7,8,10,0,6,5,4,9,3,12,11,1
reelStripBonus4=12,0,10,4,9,9,7,8,5,11,12,6,10,3,4,5,9,6,7,3,4,12,0,11,10,8,10,3,11,12,6,4,8,5,9,7,8,10,6,5,4,9,3,12,11,6,5,8,11,3,1,7
reelStripBonus5=5,9,6,9,7,8,5,11,12,6,10,0,3,4,5,9,6,7,3,4,12,0,11,10,8,10,3,11,12,6,4,8,5,9,7,8,10,0,6,5,4,9,3,12,11,7,3,4,12,0,11,10,8
reelStripBonus6=