reelStrip1=4,7,5,2,3,9,4,1,3,0,6,5,2,8,1,5,4,6,8,1,8,2,0,9,7,6,9,10,6,2,5,8,6,4,9,5,1,3,6,9,7,8,9,0,5,2,1,2,3,4,3,5,1,8,6,1,7,4,9,1,2,3,8,3,7,7,1,4,6,2,5,10,5,9,8,1,6,3,3,7,2,7
reelStrip2=2,8,7,1,6,5,1,7,9,5,3,5,1,9,10,8,7,4,10,4,7,0,9,6,3,9,4,2,2,4,5,3,5,8,9,9,1,7,3,8,2,4,8,2,6,5,3,7,2,1,5,9,7,8,6,3,1,9,6,9,3,6,0,6,2,1,8,4,3,3,1,9,8,3,5,6,8,7,2,2,8
reelStrip3=5,5,0,6,3,7,5,8,7,4,2,3,0,2,9,5,1,8,1,4,0,8,6,1,9,3,6,8,3,7,2,1,10,4,1,2,3,8,9,6,3,1,6,7,8,9,2,4,7,2,3,7,5,6,7,5,3,4,4,8,8,7,9,1,3,2,4,4,6,5,9,3,2,0,6,5,1,9,1,1,4
reelStrip4=5,5,0,6,3,7,5,8,7,4,2,3,0,2,9,5,1,8,1,4,7,8,6,1,9,3,6,8,3,7,2,1,5,1,2,3,8,9,6,3,0,6,7,8,9,2,4,7,2,1,7,5,6,7,5,3,4,4,8,10,8,7,9,3,9,2,4,4,6,5,9,3,2,7,6,5,1,9,1,1,4
reelStrip5=0,1,2,3,4,5,6,7,8,9,0,1,2,3,4,5,6,7,10,8,9,7,1,2,3,4,5,6,7,8,9,0,1,2,3,4,5,6,7,8,9,6,1,2,3,4,5,6,7,8,9,7,1,2,3,4,5,6,7,8,9,4,1,2,3,4,5,6,10,7,8,9,5,1,2,3,4,5,6,7,8,9
reelStrip6=
reelStripBonus1=2,4,1,6,1,2,5,7,4,2,7,6,3,8,7,2,5,7,4,2,7,6,3,8,7,5,3,1,7,5,8,3,9,6,1,7,2,5,4,2,7,6,3,8,7,8,2,8,4,2,6,8,4,2,1,7,6,4,1,3,2,5,3,4,2,7,6,3,8,7,8,2,7,3
reelStripBonus2=2,4,1,6,1,2,5,7,4,2,7,6,3,8,7,2,5,7,4,2,7,6,3,8,7,5,3,1,7,5,8,3,9,6,1,7,2,5,4,2,7,6,3,8,7,8,2,8,4,2,6,8,4,2,1,7,6,4,1,3,2,5,3,4,2,7,6,3,8,7,8,2,7,3
reelStripBonus3=2,4,1,6,1,2,5,7,4,2,7,6,3,8,7,2,5,7,4,2,7,6,3,8,7,5,3,1,7,5,8,3,9,6,1,7,2,5,4,2,7,6,3,8,7,8,2,8,4,2,6,8,4,2,1,7,6,4,1,3,2,5,3,4,2,7,6,3,8,7,8,2,7,3
reelStripBonus4=2,4,1,6,1,2,5,7,4,2,7,6,3,8,7,2,5,7,4,2,7,6,3,8,7,5,3,1,7,5,8,3,9,6,1,7,2,5,4,2,7,6,3,8,7,8,2,8,4,2,6,8,4,2,1,7,6,4,1,3,2,5,3,4,2,7,6,3,8,7,8,2,7,3
reelStripBonus5=2,4,1,6,1,2,5,7,4,2,7,6,3,8,7,2,5,7,4,2,7,6,3,8,7,5,3,1,7,5,8,3,9,6,1,7,2,5,4,2,7,6,3,8,7,8,2,8,4,2,6,8,4,2,1,7,6,4,1,3,2,5,3,4,2,7,6,3,8,7,8,2,7,3
reelStripBonus6=