reelStrip1= 11,16,12,16,1,16,SC,16,11,16,13,16,12,16,13,16,12,16,1,16,12,16,W,16,12,16,13,16,11,16,13,16,SC,16,1,16,13,16,11,16,13,16,12,16,13,16,12,16,13,16,1,16,13,16,12,16,11,16,13,16,12,16,13,16,SC,16,13,16,12,16,11,16,13,16,12,16,13,16,W,16,12,16,13,16,1,16,13,16,SC,16,13,16,12,16,13,16,12,16,13,16,12,16,13,16
reelStrip2= 16,1,16,12,16,11,16,12,16,W,16,12,16,1,16,13,16,11,16,13,16,1,16,12,16,11,16,12,16,13,16,12,16,13,16,11,16,12,16,W,16,12,16,1,16,11,16,12,16,SC,16,11,16,1,16,12,16,13,16,W,16,12,16,1,16,11,16,12,16,SC,16,12,16,13,16,11,16,12,16,13,16,SC,16,11,16,12,16,SC,16,11,16,W,16,11,16,12,16,11,16,12,16,11,16,12
reelStrip3= 12,16,W,16,11,16,13,16,1,16,13,16,W,16,13,16,1,16,13,16,12,16,1,16,13,16,11,16,W,16,12,16,13,16,1,16,13,16,11,16,13,16,SC,16,13,16,W,16,11,16,13,16,1,16,SC,16,13,16,12,16,13,16,1,16,SC,16,13,16,12,16,13,16,1,16,12,16,13,16,1,16,13,16,SC,16,13,16
reelStrip4=
reelStrip5=
reelStrip6=
reelStripBonus1=
reelStripBonus2=
reelStripBonus3=
reelStripBonus4=
reelStripBonus5=
reelStripBonus6=