reelStrip1=11,6,7,9,6,7,6,12,8,2,7,11,5,10,4,8,7,8,5,2,8,10,11,5,9,10,3,11,10,9,11,10,4,3,1,9
reelStrip2=11,10,9,0,11,9,1,12,8,2,7,10,5,4,9,10,11,3,5,8,8,6,9,5,10,7,11,1,7,6,6,9,11,4,10,3
reelStrip3=2,7,8,0,8,6,0,12,6,6,6,10,5,3,4,11,1,7,5,11,2,8,10,5,3,9,0,10,7,1,9,9,11,12,4,3,6,7,8
reelStrip4=1,8,3,0,4,4,2,12,3,5,4,1,9,7,2,3,3,5,2,9,5,1,7,5,6,4,0,6,8,9,2,8,11,1,10,3
reelStrip5=1,5,3,2,4,5,2,12,3,10,1,6,3,4,3,1,8,9,2,4,7,1,4,6,4,8,0,9,10,6,2,3,5,7,2,11
reelStrip6=
reelStripBonus1=11,6,7,9,6,7,6,12,8,2,7,11,5,10,4,8,7,8,5,2,8,10,11,5,9,10,3,11,10,9,11,10,4,3,1,9
reelStripBonus2=11,10,9,0,11,9,1,12,8,2,7,10,5,4,9,10,11,3,5,8,8,6,9,5,10,7,11,1,7,6,6,9,11,4,10,3
reelStripBonus3=2,7,8,0,8,6,0,12,6,6,6,10,5,3,4,11,1,7,5,11,2,8,10,5,3,9,0,10,7,1,9,9,11,12,4,3,6,7,8
reelStripBonus4=1,8,3,0,4,4,2,12,3,5,4,1,9,7,2,3,3,5,2,9,5,1,7,5,6,4,0,6,8,9,2,8,11,1,10,3
reelStripBonus5=1,5,3,2,4,5,2,12,3,10,1,6,3,4,3,1,8,9,2,4,7,1,4,6,4,8,0,9,10,6,2,3,5,7,2,11
reelStripBonus6=