reelStrip1=3, 3, 3, 3, 7, 7, 7, 7, 7, 1, 1, 1, 8, 8, 8, 8, 8, 5, 5, 5, 5, 0, 6, 6, 6, 4, 4, 4, 4, 2, 2
reelStrip2=6, 6, 2, 3, 1, 4, 4, 4, 4, 4, 5, 5, 5, 5, 5, 2, 2, 2, 6, 6, 6, 6, 7, 7, 7, 7, 7, 8, 8, 8, 3, 3, 3, 1, 1, 1, 1, 8, 8, 8, 8, 6, 6
reelStrip3=3, 3, 5, 5, 8, 8, 7, 7, 2, 2, 3, 5, 5, 5, 5, 2, 2, 2, 4, 4, 4, 0, 6, 6, 6, 6, 7, 8, 8, 8, 3, 3, 3, 0, 1, 1, 1, 8, 8, 8, 7, 7, 7, 8, 8, 8
reelStrip4=0, 4, 5, 8, 6, 7, 8, 4, 9, 7, 1, 2, 3, 5, 6, 1, 7, 2, 3, 4, 5, 6, 7, 8, 5, 6, 7, 8, 1, 2, 5, 6, 3, 7, 8, 3, 4, 5, 6, 7, 8
reelStrip5=1, 2, 3, 5, 4, 6, 7, 8, 1, 5, 2, 3, 1, 4, 5, 6, 7, 2, 8, 3, 2, 4, 5, 6, 9, 7, 8, 2, 3, 4, 6, 7, 8, 1, 0, 2, 1, 3, 4	
reelStrip6=
reelStripBonus1=
reelStripBonus2=
reelStripBonus3=
reelStripBonus4=
reelStripBonus5=
reelStripBonus6=