reelStrip1=1,5,7,4,2,3,1,8,9,5,6,7,2,1,3,4,9,10,2,5,10,3,6,8,4,7,2,8,1,6,4,9,10,1,3,5,4,7,4,2,3,1,8,9,5,6,7,2,1,3
reelStrip2=1,5,7,4,2,3,1,8,9,5,6,7,2,1,3,4,9,10,2,5,10,11,11,11,3,6,8,4,7,2,8,1,6,4,9,10,1,3,5,11,11,11,11,4,7,4,2,3,1,8,9,5,6,7,2,1,3
reelStrip3=1,5,7,4,2,3,1,8,9,5,6,7,2,1,3,4,9,10,2,5,10,11,11,11,3,6,8,4,7,2,8,1,6,4,9,10,1,3,5,11,4,7,4,2,3,1,8,9,5,6,7,2,1,3
reelStrip4=1,5,7,4,2,3,1,8,9,5,6,7,2,1,3,4,9,10,2,5,10,11,11,11,3,6,8,4,7,2,8,1,6,4,9,10,1,3,5,11,4,7,4,2,3,1,8,9,5,6,7,2,1,3
reelStrip5=1,5,7,4,2,3,1,8,9,5,6,7,2,1,3,4,9,10,2,5,10,3,6,8,4,7,2,8,1,6,4,9,10,1,3,5,4,7,4,2,3,1,8,9,5,6,7,2,1,3
reelStrip6=
reelStripBonus1=1,5,7,4,2,3,0,0,0,0,0,0,0,0,0,0,0,1,8,9,5,6,7,0,0,0,0,0,0,0,0,0,0,0,2,1,3,4,9,2,5,10,3,6,8,4,7,2,8,1,6,0,0,0,0,0,0,0,0,0,0,0,0,0,0,0,0,0,0,0,0,0,0,4,9,10,1,3,5,4,7,4,2,3,1,8,9,5,6,7,2,1,3
reelStripBonus2=1,5,7,4,2,3,0,0,0,0,0,0,0,0,0,0,0,1,8,9,5,6,7,0,0,0,0,0,0,0,0,0,0,0,2,1,3,4,9,2,5,10,3,6,8,4,7,2,8,1,6,0,0,0,0,0,0,0,0,0,0,0,0,0,0,0,0,0,0,0,0,0,0,4,9,10,1,3,5,4,7,4,2,3,1,8,9,5,6,7,2,1,3
reelStripBonus3=1,5,7,4,2,3,0,0,0,0,0,0,0,0,0,0,0,1,8,9,5,6,7,0,0,0,0,0,0,0,0,0,0,0,2,1,3,4,9,0,0,0,0,0,0,0,0,0,0,0,2,5,10,3,6,8,4,7,2,8,1,6,0,0,0,0,0,0,0,0,0,0,0,0,0,0,0,0,0,0,0,0,0,0,4,9,10,1,3,0,0,0,0,0,0,0,0,0,0,0,5,4,7,4,2,3,1,8,9,5,6,7,2,1,3
reelStripBonus4=1,5,7,4,2,3,0,0,0,0,0,0,0,0,0,0,0,0,0,0,0,0,0,0,0,0,0,0,1,8,9,5,6,7,0,0,0,0,0,0,0,0,0,0,0,2,1,3,4,9,2,5,10,3,6,8,4,7,2,8,1,6,0,0,0,0,0,0,0,0,0,0,0,0,0,0,0,0,0,0,0,0,0,0,0,0,0,0,0,0,0,0,0,0,0,0,0,0,0,0,0,0,0,0,0,0,4,9,10,1,3,4,7,4,2,3,1,8,9,5,6,7,2,1,3
reelStripBonus5=1,5,7,4,2,3,0,0,0,0,0,0,0,0,0,0,0,1,8,9,5,6,7,0,0,0,0,0,0,0,0,0,0,0,2,1,3,4,9,2,5,10,3,6,8,4,7,2,8,1,6,0,0,0,0,0,0,0,0,0,0,0,0,0,0,0,0,0,0,0,0,0,0,0,0,0,0,0,0,0,0,0,0,0,4,9,10,1,3,5,0,0,0,0,0,0,0,0,0,0,0,4,7,4,2,3,1,8,9,5,6,7,2,1,3
reelStripBonus6=