reelStrip1=1,10,7,8,4,7,9,10,2,4,2,11,3,6,10,9,7,1,5,9,4,6,5,8,9,2,3,1,4,6,10,1,2,4,8,9,4,5,3,10,7,8,10,7,8,4,7,9,10,12,2,4,2,3,6,10,9,7,1,5,9,4,6,5,8,9,2,3,1,4,6,10,1,2,4,12,8,9,4,5,3,10,7,8
reelStrip2=1,10,7,8,4,7,9,10,2,4,2,11,3,6,10,9,7,1,5,9,4,6,5,8,9,2,3,1,4,6,10,1,2,4,8,9,4,5,3,10,7,8,10,7,8,4,7,9,10,12,2,4,2,3,6,10,9,7,1,5,9,4,6,5,8,9,2,3,1,4,6,10,1,2,4,12,8,9,4,5,3,10,7,8
reelStrip3=1,10,7,8,4,7,9,10,2,4,2,11,3,6,10,9,7,1,5,9,4,6,5,8,9,2,3,1,4,6,10,1,2,4,8,9,4,5,3,10,7,8,10,7,8,4,7,9,10,12,2,4,2,3,6,10,9,7,1,5,9,4,6,5,8,9,2,3,1,4,6,10,1,2,4,12,8,9,4,5,3,10,7,8
reelStrip4=1,10,7,8,4,7,9,10,2,4,2,11,3,6,10,9,7,1,5,9,4,6,5,8,9,2,3,1,4,6,10,1,2,4,8,9,4,5,3,10,7,8,10,7,8,4,7,9,10,12,2,4,2,3,6,10,9,7,1,5,9,4,6,5,8,9,2,3,1,4,6,10,1,2,4,12,8,9,4,5,3,10,7,8
reelStrip5=1,10,7,8,4,7,9,10,2,4,2,11,3,6,10,9,7,1,5,9,4,6,5,8,9,2,3,1,4,6,10,1,2,4,8,9,4,5,3,10,7,8,10,7,8,4,7,9,10,12,2,4,2,3,6,10,9,7,1,5,9,4,6,5,8,9,2,3,1,4,6,10,1,2,4,12,8,9,4,5,3,10,7,8
reelStrip6=
reelStripBonus1=1,10,7,8,4,7,9,10,2,4,2,11,3,6,10,9,7,1,5,9,4,6,5,8,9,2,3,1,4,6,10,1,2,4,8,9,4,5,3,10,7,8,10,7,8,4,7,9,10,12,2,4,2,3,6,10,9,7,1,5,9,4,6,5,8,9,2,3,1,4,6,10,1,2,4,12,8,9,4,5,3,10,7,8
reelStripBonus2=1,10,7,8,4,7,9,10,2,4,2,11,3,6,10,9,7,1,5,9,4,6,5,8,9,2,3,1,4,6,10,1,2,4,8,9,4,5,3,10,7,8,10,7,8,4,7,9,10,12,2,4,2,3,6,10,9,7,1,5,9,4,6,5,8,9,2,3,1,4,6,10,1,2,4,12,8,9,4,5,3,10,7,8
reelStripBonus3=1,10,7,8,4,7,9,10,2,4,2,11,3,6,10,9,7,1,5,9,4,6,5,8,9,2,3,1,4,6,10,1,2,4,8,9,4,5,3,10,7,8,10,7,8,4,7,9,10,12,2,4,2,3,6,10,9,7,1,5,9,4,6,5,8,9,2,3,1,4,6,10,1,2,4,12,8,9,4,5,3,10,7,8
reelStripBonus4=1,10,7,8,4,7,9,10,2,4,2,11,3,6,10,9,7,1,5,9,4,6,5,8,9,2,3,1,4,6,10,1,2,4,8,9,4,5,3,10,7,8,10,7,8,4,7,9,10,12,2,4,2,3,6,10,9,7,1,5,9,4,6,5,8,9,2,3,1,4,6,10,1,2,4,12,8,9,4,5,3,10,7,8
reelStripBonus5=1,10,7,8,4,7,9,10,2,4,2,11,3,6,10,9,7,1,5,9,4,6,5,8,9,2,3,1,4,6,10,1,2,4,8,9,4,5,3,10,7,8,10,7,8,4,7,9,10,12,2,4,2,3,6,10,9,7,1,5,9,4,6,5,8,9,2,3,1,4,6,10,1,2,4,12,8,9,4,5,3,10,7,8
reelStripBonus6=