reelStrip1=1,2,3,4,5,6,7,8,0,5,3,2,7,5,4,3,1,7,8,3,5,6,2,7,0,2,1,7,5,6,4,2,3,7,1,2,3,4,5,6,7,8,0,5,3,2,7,5,4,3,1,7,8,3,5,1,2,7,0,2,8,7,5,6,4,1,3,7
reelStrip2=1,2,3,4,5,6,7,8,0,5,3,2,7,5,4,3,1,7,8,3,5,6,2,7,0,2,1,7,5,6,4,2,3,7,1,2,3,4,5,6,7,8,0,5,3,2,7,5,4,3,1,7,8,3,5,1,2,7,0,2,8,7,5,6,4,1,3,7
reelStrip3=1,2,3,4,5,6,7,8,0,5,3,2,7,5,4,3,1,7,8,3,5,6,2,7,0,2,1,7,5,6,4,2,3,7,1,2,3,4,5,6,7,8,0,5,3,2,7,5,4,3,1,7,8,3,5,1,2,7,0,2,8,7,5,6,4,1,3,7
reelStrip4=1,2,3,4,5,6,7,8,0,5,3,2,7,5,4,3,1,7,8,3,5,6,2,7,0,2,1,7,5,6,4,2,3,7,1,2,3,4,5,6,7,8,0,5,3,2,7,5,4,3,1,7,8,3,5,1,2,7,0,2,8,7,5,6,4,1,3,7
reelStrip5=1,2,3,4,5,6,7,8,0,5,3,2,7,5,4,3,1,7,8,3,5,6,2,7,0,2,1,7,5,6,4,2,3,7,1,2,3,4,5,6,7,8,0,5,3,2,7,5,4,3,1,7,8,3,5,1,2,7,0,2,8,7,5,6,4,1,3,7
reelStrip6=
reelStripBonus1=
reelStripBonus2=
reelStripBonus3=
reelStripBonus4=
reelStripBonus5=
reelStripBonus6=