reelStrip1=0, 0, 4, 7, 0, 2, 7, 0, 3, 6, 7, 1, 4, 5, 8, 2, 7, 7, 7, 3, 4, 6, 5, 4, 1, 6, 1, 1, 5, 4, 2, 1, 4, 4, 4, 7, 4, 2, 7, 2, 4
reelStrip2=7, 8, 5, 6, 3, 7, 5, 6, 7, 0, 6, 3, 5, 7, 3, 2, 1, 4, 5, 7, 9, 9, 9, 9, 6, 3, 5, 7, 6, 6, 6, 6, 5, 5, 5, 5, 3, 3, 3, 3, 3, 6, 5, 6, 5
reelStrip3=2, 5, 7, 4, 5, 6, 7, 5, 4, 0, 3, 7, 4, 8, 6, 7, 4, 1, 2, 2, 6, 6, 6, 7, 7, 9, 9, 9, 9, 9, 6, 6, 0, 5, 7, 7, 7, 7, 7, 7, 5, 5, 5, 5, 5, 2, 2, 2, 2, 2, 8, 4, 4, 3, 3, 3
reelStrip4=3, 4, 7, 5, 6, 0, 7, 2, 3, 7, 7, 5, 8, 4, 3, 1, 4, 7, 5, 2, 5, 7, 4, 9, 9, 9, 9, 2, 6, 6, 6, 6, 1, 1, 1, 1, 1, 1, 4, 6, 6, 6, 6, 3
reelStrip5=0, 2, 5, 7, 3, 6, 7, 4, 6, 5, 4, 8, 1, 6, 3, 6, 2, 0, 7, 7, 3, 0, 5, 4, 6, 3, 7, 4, 4, 1, 3, 6, 6, 5, 1, 8, 2, 7, 3, 7, 7, 3, 9, 9, 9, 5, 5, 5
reelStrip6=
reelStripBonus1=0, 4, 7, 0, 2, 7, 0, 3, 6, 8, 7, 1, 4, 5, 7, 8, 2, 7, 3, 4, 6, 5, 4, 1, 7, 6, 1, 4, 1, 5, 4, 2, 1, 4, 4, 7, 4, 2, 7, 2, 4
reelStripBonus2=7, 8, 5, 6, 3, 7, 5, 6, 7, 0, 6, 3, 5, 7, 3, 2, 1, 4, 5, 7, 9, 9, 9, 9, 6, 3, 5, 7, 6, 6, 6, 6, 5, 5, 5, 5, 3, 3, 3, 3, 3, 6, 5, 6, 5
reelStripBonus3=9, 9, 9, 9, 9, 9, 9, 9, 9, 9, 9, 9, 9, 9, 9, 9, 9, 9, 9, 9
reelStripBonus4=3, 4, 7, 5, 6, 0, 7, 2, 3, 7, 7, 5, 8, 4, 3, 1, 4, 7, 5, 2, 5, 7, 4, 9, 9, 9, 9, 2, 6, 6, 6, 6, 1, 1, 1, 1, 1, 1, 4, 6, 6, 6, 6, 3
reelStripBonus5=0, 2, 5, 7, 3, 6, 7, 4, 6, 5, 4, 8, 1, 6, 3, 6, 2, 0, 7, 7, 3, 0, 5, 4, 6, 3, 7, 4, 4, 1, 3, 6, 6, 5, 1, 8, 2, 7, 3, 7, 7, 3, 9, 9, 9, 5, 5, 5
reelStripBonus6=