reelStrip1=1,1,1,2,2,5,5,5,7,7,7,2,5,6,6,6,2,2,2,1,1,3,3,3,4,4,4,5,5,5,6,7,1,2,5,4,2,6,7,3,2,4,7,1,1,3,3,3,1,7,6
reelStrip2=1,1,1,2,2,5,5,5,7,7,7,2,5,6,6,6,2,2,2,3,3,3,4,4,4,5,5,5,6,7,1,2,5,4,2,6,7,3,2,4,7,1,1,3,3,3,1,7,6
reelStrip3=1,1,1,2,2,5,5,5,7,7,7,2,5,6,6,6,2,2,2,8,1,1,3,3,3,4,4,4,5,5,5,6,7,1,2,5,4,8,2,6,7,3,2,4,7,1,1,3,3,3,1,7,6
reelStrip4=1,1,1,2,2,5,5,5,7,7,7,2,5,6,6,6,2,2,2,3,3,3,4,4,4,5,5,5,6,7,1,2,5,4,2,6,7,3,2,4,7,1,1,3,3,3,1,7,6
reelStrip5=1,1,1,2,2,5,5,5,7,7,7,2,1,1,5,6,6,6,2,2,2,3,3,3,4,4,4,5,5,5,6,7,1,2,5,4,2,6,7,3,2,4,7,1,1,3,3,3,1,7,6
reelStrip6=
reelStripBonus1=
reelStripBonus2=
reelStripBonus3=
reelStripBonus4=
reelStripBonus5=
reelStripBonus6=