reelStrip1=0,1,2,3,4,5,6,1,2,7,8,0,1,10,2,3,4,5,6,0,1,2,3,4,1,2,7,8,0,1,2,4,9,5,6,7,8,3,4,5,6,7,8,0,1,2,0,1,2,3,3,4,1,4,1,2,7,8,0,1,2,4,5,6,7,8,3,4,9,5,6,7,8,0,9,1,2,7,8,0,1,2,3,4,5,6,0,1,2,3,4,1,2,7,8,0,1,2,4,5,6,7,8,3,4
reelStrip2=0,1,2,3,4,5,6,1,2,7,8,0,1,2,3,4,5,4,1,2,9,7,8,0,1,2,11,4,5,6,7,8,3,4,5,6,7,8,0,1,2,6,0,16,1,2,3,4,1,2,7,8,0,1,2,4,5,6,7,8,3,4,5,6,7,8,0,1,2,0,10,1,2,3,9,3,4,1,2,1,2,7,8,0,1,2,3,11,4,5,6,0,1,2,3,4,1,2,7,8,0,1,2,4,5,9,6,7,11,8,3,4
reelStrip3=0,1,2,3,4,5,6,1,2,7,8,0,1,2,3,10,4,5,6,0,1,2,3,4,1,2,7,8,0,1,2,9,4,5,6,7,4,1,2,7,8,0,1,2,4,5,6,7,8,3,4,5,6,7,8,0,1,2,8,3,4,5,6,7,8,0,1,2,0,1,2,3,3,4,1,2,1,2,7,8,0,1,2,3,4,5,6,0,1,2,3,4,1,9,2,7,8,0,1,2,4,5,6,7,8,3,4
reelStrip4=0,1,2,3,4,5,4,1,9,2,7,8,0,1,2,4,5,6,7,8,3,4,5,6,7,8,0,1,2,6,1,2,7,8,0,1,2,3,4,5,6,0,1,11,2,3,4,1,2,7,8,0,1,2,4,5,6,7,8,3,4,5,6,7,8,0,1,2,0,1,2,3,3,4,1,2,1,2,9,11,7,8,0,1,2,3,4,10,5,6,0,1,2,3,4,1,2,7,8,0,1,2,4,5,6,7,8,3,4,4,1,2,7,8,0,1,2,4,5,6,7,8,3,4,5,6,7,8,0,1,2
reelStrip5=0,1,2,3,4,5,6,1,2,7,8,0,1,2,9,3,4,5,6,0,1,2,3,4,1,2,7,8,10,0,1,2,4,5,6,7,8,3,4,5,6,7,8,0,1,2,0,1,2,3,3,4,1,2,1,2,7,8,0,1,2,3,4,5,6,10,0,1,2,3,4,1,2,7,8,0,1,2,4,5,6,7,8,3,4,4,1,2,7,8,0,1,2,4,5,6,7,9,8,3,4,5,6,7,8,0,1,2
reelStrip6=
reelStripBonus1=0,1,2,3,4,5,6,1,2,7,8,0,1,10,2,3,4,5,6,0,1,2,1,2,3,4,5,6,0,1,2,3,4,9,1,2,7,8,0,1,2,4,5,6,7,8,3,4,5,6,7,8,0,1,2,0,1,2,3,3,4,3,9,4,1,2,7,8,0,1,2,4,5,6,7,8,3,4,5,6,7,8,0,1,2,0,1,2,3,3,4,1,2,1,2,7,8,0,1,2,3,4,5,6,0,9,1,2,3,4,1,2,7,8,0,1,2,4,5,6,7,8,3,4
reelStripBonus2=0,1,2,3,4,5,6,1,2,7,9,8,0,1,10,2,3,4,5,6,0,1,2,1,2,3,4,5,6,0,1,2,3,4,1,2,7,8,0,1,2,4,5,6,7,8,3,4,5,6,7,8,0,1,2,0,9,1,2,3,3,4,3,4,1,2,7,8,0,1,2,4,5,6,7,8,3,4,5,6,7,8,0,1,2,0,1,9,2,3,3,4,1,2,1,2,7,8,0,1,2,3,4,5,6,0,1,2,3,4,1,2,7,8,0,1,2,4,5,6,7,8,3,4
reelStripBonus3=0,1,2,3,4,5,6,1,2,7,8,0,1,10,2,3,4,5,6,0,1,2,1,2,3,4,5,6,0,1,2,3,4,1,2,7,8,0,1,2,4,5,6,7,8,3,4,5,6,7,8,0,1,2,0,1,2,3,9,3,4,3,4,1,2,7,8,0,1,2,4,5,6,7,8,3,4,5,6,7,8,0,1,2,0,1,2,3,3,4,1,2,1,2,7,8,0,1,9,2,3,4,5,6,0,1,2,3,4,1,2,7,8,0,1,2,4,5,6,7,8,3,4
reelStripBonus4=0,1,2,3,4,5,6,1,2,7,8,0,1,10,2,3,4,5,6,0,1,2,1,2,3,4,5,6,0,9,1,2,3,4,1,2,7,8,0,1,2,4,5,6,7,8,9,3,4,5,6,7,8,0,1,2,0,1,2,3,3,4,3,4,1,2,7,8,0,1,2,4,5,6,7,8,3,4,5,6,7,8,0,1,2,0,1,2,3,3,4,1,2,1,2,7,8,9,0,1,2,3,4,5,6,0,1,2,3,4,1,2,7,8,0,1,2,4,5,6,7,8,3,4
reelStripBonus5=0,1,2,3,4,5,6,1,2,7,8,0,1,10,2,3,4,5,6,0,1,2,1,2,3,4,5,6,0,1,2,3,4,1,2,7,8,0,1,2,4,5,6,7,9,8,3,4,5,6,7,8,0,1,2,0,1,2,3,3,4,3,4,1,2,7,8,0,1,2,4,5,6,7,8,3,4,5,6,7,8,0,1,2,9,0,1,2,3,3,4,1,2,1,2,7,8,0,1,2,3,4,5,6,0,1,2,3,4,1,2,7,8,0,1,2,4,5,6,7,8,3,4
reelStripBonus6=0,1,2,3,4,5,6,1,2,7,8,0,1,10,2,3,9,4,5,6,0,1,2,1,2,3,4,5,6,0,1,2,3,4,1,2,7,8,0,1,2,4,5,6,7,8,3,4,5,6,7,8,0,1,2,0,1,2,3,3,4,3,4,1,2,7,8,0,1,2,4,5,6,7,8,3,4,5,6,7,8,0,1,9,2,0,1,2,3,3,4,1,2,1,2,7,8,0,1,2,3,4,5,6,0,1,2,3,4,1,2,7,8,0,1,2,4,5,6,7,8,3,4