reelStrip1=5,3,7,2,1,7,2,12,13,3,6,4,2,9,12,5,3,7,6,10,7,6,10,4,5,11,2,12,7,8,3,12,8,9,7,4,3,2,12,11,8,6,10,8,5,9,4,5,9,6,11,3,5,10,3,5,4,9,10,4,11,2,4,8,2,4,5,11,6,3,2,1
reelStrip2=7,8,9,4,8,5,3,7,4,1,13,3,6,9,13,2,5,4,12,8,5,2,6,8,2,9,5,2,4,6,2,11,10,2,1,10,5,12,10,4,12,7,6,11,7,9,8,11,4,5,12,3,8,11,4,9,3,11,6,3,9,4,3,6,7,3,5,7,10,5,2,10
reelStrip3=8,9,6,2,7,9,2,7,4,11,7,8,2,1,3,11,12,3,2,12,6,8,2,6,11,4,6,12,3,11,13,9,5,3,7,5,13,4,5,11,8,5,2,6,5,4,12,5,8,10,2,4,9,3,4,5,9,10,2,6,10,3,7,10,1,3,10,6,7,4,3,7
reelStrip4=13,7,3,4,6,2,9,4,5,9,1,5,13,2,10,8,11,9,8,5,7,8,12,7,8,3,6,4,3,12,5,1,11,5,4,7,10,2,6,11,4,5,3,13,2,10,4,2,9,3,4,6,12,4,4,6,7,3,10,7,9,6,11,8,5,3,6,5,3,2,7,3
reelStrip5=5,8,4,10,8,9,12,11,7,5,6,9,5,7,2,12,8,6,5,1,8,3,10,2,12,11,2,7,4,2,9,10,12,2,11,3,2,2,4,9,3,4,11,3,8,9,10,11,6,7,8,11,7,1,6,8,9,6,13,9,6,10,9,8,2,3,13,8,9,10,2,7,3,4

reelStrip6=
reelStripBonus1=6,2,11,3,7,8,5,6,4,13,6,2,10,4,3,5,12,11,10,2,13,5,7,6,1,7,12,9,4,2,9,10,1,9,3,8,9,3,11,2,8,1,12,3,1,4,2,5,12,10,3,5,10,12,5,8,2,4,6,7,4,6,7,4,3,7,5,3,8,9,1,11
reelStripBonus2=12,6,2,5,3,1,6,7,5,3,7,9,2,11,5,13,12,2,4,12,2,13,5,12,7,5,3,2,4,8,2,10,4,3,1,5,6,3,11,9,3,4,12,9,5,10,7,13,4,7,6,13,8,6,9,11,7,4,8,10,9,1,11,10,8,1,4,3,6,8,2,11
reelStripBonus3=5,4,3,5,6,12,8,7,11,2,7,11,9,1,3,9,4,7,8,4,5,7,6,9,3,2,6,3,5,7,3,11,5,2,11,12,10,4,5,1,3,2,9,10,6,8,10,2,1,9,2,6,4,8,13,7,6,10,12,2,4,8,11,4,10,2,12,13,3,5,12,3
reelStripBonus4=3,4,9,5,2,9,8,5,6,8,2,6,12,9,6,7,10,11,7,2,4,7,3,10,13,3,4,6,4,3,6,8,2,3,4,7,5,4,6,7,4,6,3,2,11,9,3,11,2,3,10,8,3,5,1,9,5,12,11,5,10,1,5,12,8,5,4,7,1,4,12,7
reelStripBonus5=12,2,4,11,8,4,6,2,10,6,4,7,1,3,10,8,3,11,9,2,5,7,2,9,7,3,11,7,9,2,5,7,2,13,8,4,10,12,8,11,3,6,10,7,6,4,3,6,5,2,10,2,4,3,5,6,12,9,3,4,9,8,4,12,5,11,3,5,12,6,5,7
reelStripBonus6=