reelStrip1=2,4,1,3,1,2,5,3,4,2,7,6,3,8,7,2,5,12,4,2,7,6,3,8,7,5,3,1,8,5,8,10,3,6,1,2,9,5,12,4,2,7,6,3,8,7,8,2,8,4,2,6,8,4,2,1,10,6,4,11,1,12,2,5,12,1,4,10,2,7,6,3,8,7,12,12,12,12,8,2,3
reelStrip2=2,4,1,7,1,2,5,3,4,2,7,6,10,10,3,8,7,2,5,0,4,2,7,6,3,8,7,5,3,11,1,0,5,8,3,6,1,2,5,0,4,2,7,6,3,12,8,7,8,10,10,10,2,8,4,2,6,8,4,2,1,0,9,6,4,1,0,2,5,1,4,2,7,6,3,8,7,8,10,2,0,3
reelStrip3=2,4,1,7,1,2,12,5,0,4,10,2,7,6,3,11,8,7,2,9,5,0,4,2,7,6,3,8,7,5,3,1,0,5,12,12,12,8,3,6,1,2,5,0,4,2,7,6,12,3,8,9,7,8,2,8,4,2,6,8,4,2,1,0,6,4,1,2,5,4,2,7,6,3,8,7,10,10,8,2,0,3
reelStrip4=2,4,1,6,10,1,2,5,3,4,2,7,6,12,3,8,7,2,5,0,4,2,7,6,3,8,7,5,3,1,0,5,8,3,6,1,12,0,2,5,4,2,7,6,3,8,7,8,2,8,4,10,10,2,6,8,4,2,1,0,6,4,9,1,3,2,5,1,11,12,4,2,7,6,3,8,7,8,2,0,3
reelStrip5=2,4,1,6,1,2,5,12,4,2,7,6,10,10,3,8,7,2,5,11,8,4,2,7,6,3,8,7,5,3,1,0,5,8,3,9,6,1,9,2,5,4,2,7,6,3,8,7,8,2,8,10,10,4,2,6,8,4,2,1,12,6,4,1,3,2,5,3,4,2,7,6,3,8,7,8,12,2,12,3
reelStrip6=
reelStripBonus1=2,4,1,6,1,2,5,12,12,0,4,2,7,6,3,10,10,8,7,2,5,0,4,2,7,6,3,8,7,5,3,1,0,5,8,3,9,6,1,0,2,5,4,2,7,6,3,8,7,8,2,8,4,2,6,8,4,2,1,0,6,4,1,3,2,5,12,3,4,2,7,6,3,10,10,8,7,8,2,12,12,0,3
reelStripBonus2=2,4,1,6,1,2,5,0,4,2,7,6,3,8,7,2,5,0,4,2,7,6,3,8,7,5,3,1,0,5,8,3,9,6,1,0,2,5,4,2,10,10,7,6,3,8,7,8,2,8,4,2,6,8,4,2,1,0,6,4,1,3,2,5,3,4,2,7,6,3,8,7,8,2,0,3
reelStripBonus3=2,4,1,6,1,2,5,0,4,2,7,6,3,8,7,2,5,0,4,2,7,6,3,8,7,5,3,1,12,0,5,8,3,9,6,1,0,2,5,4,2,7,6,3,8,7,8,2,8,4,2,6,8,4,2,1,0,6,4,1,3,2,5,3,4,2,7,6,3,8,7,12,12,8,2,0,3
reelStripBonus4=2,4,1,6,1,2,5,0,4,2,7,6,3,8,10,10,10,10,7,2,5,0,4,2,7,6,3,8,7,5,3,1,0,5,8,3,9,6,1,0,2,5,4,2,7,6,3,8,7,8,2,8,4,2,6,8,4,2,1,0,6,12,12,4,1,3,2,5,3,4,2,7,6,3,8,7,8,2,0,3
reelStripBonus5=2,4,1,6,1,2,5,0,4,2,7,6,3,8,12,7,2,5,0,4,2,7,6,3,8,7,5,3,1,0,5,8,3,9,6,1,0,2,5,4,2,7,6,3,8,7,8,2,8,4,2,6,8,4,2,1,0,6,4,1,3,2,5,10,10,10,10,3,4,2,7,6,3,12,12,8,7,8,2,0,3
reelStripBonus6=