reelStrip1=5, 0, 8, 8, 8, 5, 2, 6, 6, 7, 10, 10, 12, 3, 8, 4, 4, 1, 9, 9, 9, 7, 7, 7, 11, 11, 11, 10, 10, 10, 9, 9
reelStrip2=3, 4, 4, 7, 9, 9, 5, 2, 5, 10, 11, 11, 2, 6, 6, 12, 8, 8, 0, 11, 11, 1, 11, 10, 9, 9, 9, 3, 7, 7, 7, 10, 10, 10
reelStrip3=0, 4, 4, 6, 2, 5, 5, 7, 8, 9, 10, 3, 11, 11, 11, 12, 1, 6, 7, 8, 8, 8, 9, 10, 11, 9, 9, 9, 6, 6, 6, 5, 5, 5
reelStrip4=1, 4, 4, 5, 3, 8, 8, 9, 7, 7, 0, 9, 10, 10, 12, 8, 8, 8, 6, 6, 2, 7, 7, 7, 11, 11, 5, 5, 5, 0, 9, 9, 9
reelStrip5=1, 10, 6, 3, 4, 4, 12, 8, 8, 5, 9, 11, 11, 2, 7, 7, 5, 0, 9, 10, 9, 9, 9, 10, 10, 10, 6, 11, 11, 11
reelStrip6=
reelStripBonus1=8, 5, 0, 8, 5, 8, 2, 10, 10, 6, 12, 3, 4, 6, 1, 9, 4, 7, 9, 10, 7, 9, 11, 7, 11, 10, 11, 12, 10
reelStripBonus2=4, 3, 4, 5, 11, 2, 5, 11, 2, 11, 6, 8, 12, 8, 6, 0, 8, 9, 1, 9, 0, 9, 7, 3, 7, 8, 7, 0, 10, 10, 10, 12, 8
reelStripBonus3=4, 0, 4, 2, 7, 3, 11, 11, 7, 11, 12, 7, 1, 8, 8, 0, 10, 8, 10, 10, 9, 9, 12, 6, 9, 5, 6, 6, 5, 9, 9
reelStripBonus4=1, 4, 3, 0, 10, 4, 10, 7, 10, 12, 8, 8, 6, 8, 6, 2, 7, 11, 11, 7, 5, 11, 0, 9, 5, 5, 9, 9
reelStripBonus5=1, 6, 3, 4, 4, 12, 8, 8, 9, 8, 5, 2, 7, 7, 5, 0, 9, 9, 10, 11, 10, 10, 6, 0, 11, 11
reelStripBonus6=