reelStrip1=0,6,2,5,6,5,4,3,3,3,2,2,4,4,5,5,6,6,6,2,2,2,1,1,1,0,0,0,2,1,4,6,5,2,3,4,5,1,2,5,0,3,6,0,2,1,5,6,2,4,3,6,5,3,4,6,1,5,3,4,6,5,4,2,5,4
reelStrip2=0,6,2,5,6,5,4,3,3,3,2,2,4,4,5,5,6,6,6,2,2,2,1,1,1,0,0,0,2,1,4,6,5,2,3,4,5,1,2,5,0,3,6,0,2,1,7,5,6,2,4,3,6,5,3,4,6,1,5,3,4,6,5,4,2,5,4
reelStrip3=0,6,2,5,6,5,4,3,3,3,2,2,4,4,5,5,6,6,6,2,2,2,1,1,1,7,0,0,0,2,1,4,6,5,2,3,4,5,1,2,5,0,3,6,0,2,1,5,6,2,4,3,6,5,3,4,6,1,5,3,4,6,5,4,2,5,4
reelStrip4=0,6,2,5,6,5,4,3,3,3,2,2,4,4,5,5,6,6,6,2,2,2,1,1,1,0,0,0,2,1,4,6,5,2,3,4,5,1,2,5,0,3,6,0,2,1,5,6,2,4,7,3,6,5,3,4,6,1,5,3,4,6,5,4,2,5,4
reelStrip5=0,6,2,5,6,5,4,3,3,3,2,2,4,4,5,5,6,6,6,2,2,2,1,1,1,0,0,0,2,1,4,6,5,2,3,4,5,1,2,5,0,3,6,0,2,1,5,6,2,4,3,6,5,3,4,6,1,5,3,4,6,5,4,2,5,4
reelStrip6=
reelStripBonus1=0,6,2,5,6,5,4,3,3,3,2,2,4,4,5,5,6,6,6,2,2,2,1,1,1,0,0,0,2,1,4,6,5,2,3,4,5,1,2,5,0,3,6,0,2,1,5,6,2,4,3,6,5,3,4,6,1,5,3,4,6,5,4,2,5,4
reelStripBonus2=0,6,2,5,6,5,4,3,3,3,2,2,4,4,5,5,6,6,6,2,2,2,1,1,1,0,0,0,2,1,4,6,5,2,3,4,5,1,2,5,0,3,6,0,2,1,5,6,2,4,3,6,5,3,4,6,1,5,3,4,6,5,4,2,5,4
reelStripBonus3=0,6,2,5,6,5,4,3,3,3,2,2,4,4,5,5,6,6,6,2,2,2,1,1,1,0,0,0,2,1,4,6,5,2,3,4,5,1,2,5,0,3,6,0,2,1,5,6,2,4,3,6,5,3,4,6,1,5,3,4,6,5,4,2,5,4
reelStripBonus4=0,6,2,5,6,5,4,3,3,3,2,2,4,4,5,5,6,6,6,2,2,2,1,1,1,0,0,0,2,1,4,6,5,2,3,4,5,1,2,5,0,3,6,0,2,1,5,6,2,4,3,6,5,3,4,6,1,5,3,4,6,5,4,2,5,4
reelStripBonus5=0,6,2,5,6,5,4,3,3,3,2,2,4,4,5,5,6,6,6,2,2,2,1,1,1,0,0,0,2,1,4,6,5,2,3,4,5,1,2,5,0,3,6,0,2,1,5,6,2,4,3,6,5,3,4,6,1,5,3,4,6,5,4,2,5,4
reelStripBonus6=