reelStrip1=2,4,10,2,4,11,9,2,6,9,2,5,9,8,2,4,8,2,6,1,2,5,10,8,4,5,11,9,6,4,13,9,7,4,11,3,7,4,10,8,11,10,5,3,12,6,4,12,3,4,12,11,6,12,10,9,12,9,5,4,2,4,6,11
reelStrip2=6,4,5,2,7,3,4,2,7,5,3,6,5,3,4,5,3,7,4,3,5,7,11,4,5,11,7,8,4,3,7,6,9,10,2,3,7,4,3,1,4,5,3,9,4,3,9,6,4,10,3,11,9,12,4,8,13,7,10,12,6,8,4,12
reelStrip3=2,13,3,2,7,3,2,7,1,2,6,8,2,7,6,2,7,8,2,7,8,2,6,7,2,6,4,5,2,9,5,6,11,2,8,5,3,12,2,8,13,3,6,2,9,5,3,10,5,3,8,5,9,3,5,8,13,5,4,3,2,5,3,2
reelStrip4=13,7,3,8,13,3,10,5,13,9,5,3,10,9,2,8,10,3,2,6,10,1,10,6,1,10,5,6,13,8,9,13,8,10,13,4,6,8,13,9,8,10,6,8,11,9,7,1,12,9,1,11,9,1,3,6,13,8,3,6,9,13,7,10
reelStrip5=4,2,4,9,2,12,4,3,2,2,4,7,3,4,2,6,7,5,8,2,13,8,3,6,7,5,8,7,9,1,8,9,11,8,3,9,4,8,5,9,8,6,9,7,8,9,7,4,5,9,8,7,9,8,3,7,9,6,7,5,9,8,10,9
reelStrip6=
reelStripBonus1=2,7,9,10,4,6,11,4,2,11,5,2,11,2,5,4,6,9,12,4,2,8,11,10,6,2,5,3,4,5,8,2,11,7,12,5,7,6,12,9,3,2,13,5,11,2,4,13,6,2,12,4,1,8,2,6,11,5,2,12,4,5,12,2
reelStripBonus2=5,11,4,2,3,4,2,4,3,12,4,2,12,4,3,2,1,12,5,2,3,12,5,6,11,4,5,2,3,6,7,11,5,12,4,5,3,4,7,4,11,7,4,2,6,4,12,11,4,12,2,9,4,13,3,6,11,8,10,5,2,1,6,7
reelStripBonus3=2,3,2,6,4,3,2,12,5,2,7,5,2,4,7,1,4,2,5,3,2,1,5,7,8,3,5,7,3,2,10,4,2,3,2,6,3,2,5,6,3,13,5,6,2,7,3,9,2,3,5,2,4,5,7,2,4,5,7,2,3,2,4,11
reelStripBonus4=3,7,5,4,7,3,4,7,5,3,4,6,3,5,1,3,4,6,9,13,2,6,3,3,4,6,13,4,3,2,3,1,7,2,5,4,3,12,4,2,5,3,1,4,2,9,5,3,2,5,4,6,10,8,3,5,4,6,2,4,3,2,3,11
reelStripBonus5=2,1,5,3,6,5,4,4,2,1,6,2,7,1,2,3,6,1,3,7,5,3,6,4,5,7,6,3,5,4,3,12,3,4,3,10,4,5,4,2,8,6,4,2,13,5,2,4,6,4,7,13,4,9,6,2,5,7,6,2,5,4,3,11
reelStripBonus6=