reelStrip1=1,5,7,4,2,3,1,8,9,5,6,7,2,1,3,4,9,10,2,5,11,10,12,3,6,8,4,7,2,8,1,6,4,9,10,1,3,5,12,4
reelStrip2=1,5,7,4,2,3,1,8,9,5,6,7,2,1,3,4,9,10,2,5,11,10,12,3,6,8,4,7,2,8,1,6,4,9,10,1,3,5,12,4
reelStrip3=1,5,7,4,2,3,1,8,9,5,6,7,2,1,3,4,9,10,2,5,11,10,12,3,6,8,4,7,2,8,1,6,4,9,10,1,3,5,12,4
reelStrip4=1,5,7,4,2,3,1,8,9,5,6,7,2,1,3,4,9,10,2,5,11,10,12,3,6,8,4,7,2,8,1,6,4,9,10,1,3,5,12,4
reelStrip5=1,5,7,4,2,3,1,8,9,5,6,7,2,1,3,4,9,10,2,5,11,10,12,3,6,8,4,7,2,8,1,6,4,9,10,1,3,5,12,4
reelStrip6=
reelStripBonus1=1,5,7,4,2,3,1,11,8,9,5,6,7,2,1,3,4,9,10,2,5,11,10,12,3,6,8,4,7,2,8,1,6,11,4,9,10,1,3,5,12,4
reelStripBonus2=1,5,7,4,11,2,3,1,8,9,5,6,7,2,1,3,4,9,10,2,5,11,10,12,3,6,8,4,7,2,8,1,6,4,9,10,1,3,5,12,4
reelStripBonus3=1,5,7,4,2,3,1,8,9,5,6,7,2,1,3,4,9,10,11,2,5,10,12,3,6,8,4,7,2,8,1,6,4,9,10,1,3,5,12,4
reelStripBonus4=1,5,7,4,2,3,1,8,11,9,5,6,7,2,1,3,4,9,10,11,2,5,10,12,3,6,8,4,7,2,8,1,6,4,9,10,1,3,5,12,4
reelStripBonus5=1,5,7,4,2,3,1,8,9,5,6,7,2,1,3,4,9,10,11,2,5,10,12,11,3,6,8,4,7,2,8,1,6,4,9,10,1,3,5,12,4
reelStripBonus6=