reelStrip1=12,9,8,2,6,10,5,7,9,5,7,9,3,6,10,4,8,11,0,8,10,1,6,5,4,7,8,3,6,8,2,1,11,7,9,5,4
reelStrip2=12,11,3,9,7,4,9,2,11,8,3,7,12,4,7,9,5,11,0,9,6,5,9,3,6,5,10,8,1,2,11,4,1,6,2,10,8,1,7,9,5,7,10
reelStrip3=12,8,1,5,7,2,5,0,3,6,5,8,3,1,6,4,11,6,0,10,9,4,6,2,10,8,2,10,3,7,8,1,7,9,4,6,11,3,9,7,1,8,11
reelStrip4=12,7,4,9,1,6,2,10,3,6,11,2,12,8,4,2,3,8,0,9,5,3,2,10,4,1,2,6,11,3,4,5,7,4,0,5,1,3,2,1,7,3,1
reelStrip5=12,9,4,6,8,7,9,11,3,2,1,9,2,11,8,6,2,7,0,5,11,2,4,7,11,3,1,2,3,10,0,3,1,8,0,2,1,5,3,10,2,3,1
reelStrip6=
reelStripBonus1=12,9,8,2,6,10,5,7,9,5,7,9,3,6,10,4,8,11,0,8,10,1,6,5,4,7,8,3,6,8,2,1,11,7,9,5,4
reelStripBonus2=12,11,3,9,7,4,9,2,11,8,3,7,12,4,7,9,5,11,0,9,6,5,9,3,6,5,10,8,1,2,11,4,1,6,2,10,8,1,7,9,5,7,10
reelStripBonus3=12,8,1,5,7,2,5,0,3,6,5,8,3,1,6,4,11,6,0,10,9,4,6,2,10,8,2,10,3,7,8,1,7,9,4,6,11,3,9,7,1,8,11
reelStripBonus4=12,7,4,9,1,6,2,10,3,6,11,2,12,8,4,2,3,8,0,9,5,3,2,10,4,1,2,6,11,3,4,5,7,4,0,5,1,3,2,1,7,3,1
reelStripBonus5=12,9,4,6,8,7,9,11,3,2,1,9,2,11,8,6,2,7,0,5,11,2,4,7,11,3,1,2,3,10,0,3,1,8,0,2,1,5,3,10,2,3,1
reelStripBonus6=