reelStrip1=5, 4, 2, 7, 9, 6, 3, 7, 11,1, 4, 8, 3, 5, 6, 3, 7, 1, 5, 2, 4, 3, 5, 7, 6,20, 9, 4, 7, 6, 2, 8, 7, 1, 8,19, 4, 3, 5, 2, 4, 9, 2, 6,17, 1, 4, 3, 5, 6, 7, 1, 2, 3, 4, 5, 6, 8, 7, 5, 6, 7, 4, 5, 6, 1, 7, 2,16, 4, 8, 3, 5, 6, 11, 3, 7, 1, 5, 2, 4, 3,14, 5, 7, 6, 9, 4, 7, 6, 2, 8,15, 7, 3
reelStrip2=5, 4, 2, 7, 9, 6, 3, 7, 1, 8,15, 4, 3, 5, 2, 4, 9, 2, 6, 1, 4, 3, 5, 6, 7, 1, 2, 3, 4, 5, 6,14, 4, 8, 3, 5, 6, 3, 7, 1, 5, 2, 4, 3, 5, 7, 6, 9, 4, 7, 6, 2,19, 8, 7, 8, 7, 5, 6, 7, 4, 5, 6, 1, 7, 2, 4, 8, 3, 5, 6, 3,17, 7, 1, 5, 2, 4, 3, 5, 7, 6,15, 9, 4, 7, 6, 2,16, 8, 7, 3
reelStrip3=5, 4, 2,16, 7, 9, 6, 3, 7, 1, 8, 4, 3, 5, 2, 11, 4, 9, 2, 6, 1, 4, 3,17, 5, 6, 7, 1, 2, 3,16, 4, 8, 3, 5, 6, 3, 7, 1, 5, 2, 4, 3, 5, 7, 6, 9, 4, 7,20, 6, 2, 8, 7, 4, 5, 6, 8, 7,15, 5, 6, 7, 4, 5, 6, 1, 7, 2, 4, 8, 3, 5, 6, 3, 7, 1, 5, 2, 4, 3, 5, 7, 6, 9, 11, 4, 7, 6, 2, 8, 7, 3
reelStrip4=5, 4, 2, 7,14, 9, 6, 3, 7, 1, 8, 4, 3, 5, 2,18, 4, 9, 2, 6, 1, 4, 3, 5, 6, 7, 1, 2, 3, 4, 5, 6, 8, 7, 5, 6, 7, 4, 8, 3, 5, 6, 3, 7, 1, 5, 2, 4, 3, 5, 7, 6, 9, 4, 7, 6, 2, 8, 7,18, 4, 5, 6, 1, 7, 2, 4, 8, 3, 5, 6, 3, 7, 1,16, 5, 2, 4, 3, 5, 7, 6, 9, 4, 7,14, 6, 2, 8, 7, 3
reelStrip5=5, 4, 2,15, 7, 9, 6, 4, 8, 3, 5, 6, 3, 7, 1, 5, 2, 4, 3, 5, 7, 6, 9, 4, 7, 6, 2, 8, 7, 3, 7, 11, 1, 8, 4, 3, 5, 2, 4, 9, 2, 6, 1, 4, 3, 5, 6, 7, 1, 2, 3, 4, 5,17, 6, 8, 7, 5, 6, 7, 4, 5,14, 6, 1, 7, 2, 4, 8,19, 3, 5, 6, 3, 7, 1, 5, 11, 2, 4, 3, 5, 7, 6, 9,16, 4, 7, 6, 2, 8, 7, 3
reelStrip6=
reelStripBonus1=5, 4, 2, 7, 9, 6, 3, 7, 1, 8, 4, 3, 5, 2, 4, 9, 2, 6, 1, 4, 3, 5, 6, 7, 1, 2, 3, 4, 5, 6, 8, 7, 5, 6, 7, 4, 5, 6, 1, 7, 2, 4, 8, 3, 5, 6, 3, 7, 1, 5, 2, 4, 3, 5, 7, 6, 9, 4, 7, 6, 2, 8, 7, 3
reelStripBonus2=5, 4, 2, 7, 9, 6, 3, 7, 1, 8, 4, 3, 5, 2, 4, 9, 2, 6, 1, 4, 3, 5, 6, 7, 1, 2, 3, 4, 5, 6, 8, 7, 5, 6, 7, 4, 5, 6, 1, 7, 2, 4, 8, 3, 5, 6, 3, 7, 1, 5, 2, 4, 3, 5, 7, 6, 9, 4, 7, 6, 2, 8, 7, 3
reelStripBonus3=5, 4, 2, 7, 9, 6, 3, 7, 1, 8, 4, 3, 5, 2, 4, 9, 2, 6, 1, 4, 3, 5, 6, 7, 1, 2, 3, 4, 5, 6, 8, 7, 5, 6, 7, 4, 5, 6, 1, 7, 2, 4, 8, 3, 5, 6, 3, 7, 1, 5, 2, 4, 3, 5, 7, 6, 9, 4, 7, 6, 2, 8, 7, 3
reelStripBonus4=5, 4, 2, 7, 9, 6, 3, 7, 1, 8, 4, 3, 5, 2, 4, 9, 2, 6, 1, 4, 3, 5, 6, 7, 1, 2, 3, 4, 5, 6, 8, 7, 5, 6, 7, 4, 5, 6, 1, 7, 2, 4, 8, 3, 5, 6, 3, 7, 1, 5, 2, 4, 3, 5, 7, 6, 9, 4, 7, 6, 2, 8, 7, 3
reelStripBonus5=5, 4, 2, 7, 9, 6, 3, 7, 1, 8, 4, 3, 5, 2, 4, 9, 2, 6, 1, 4, 3, 5, 6, 7, 1, 2, 3, 4, 5, 6, 8, 7, 5, 6, 7, 4, 5, 6, 1, 7, 2, 4, 8, 3, 5, 6, 3, 7, 1, 5, 2, 4, 3, 5, 7, 6, 9, 4, 7, 6, 2, 8, 7, 3
reelStripBonus6=