reelStrip1=4,7,5,2,3,4,1,3,6,5,2,1,5,4,6,1,2,7,6,6,2,5,6,4,5,1,0,3,6,7,5,2,1,2,3,4,3,5,1,6,1,7,4,1,2,3,3,7,7,1,4,6,2,5,8,5,1,6,3,3,7,2,7,2,2,2,3,4,4,4,5,6,0,7,7,7,1,2,3,4,5,6,7,7,1,2,3,8,4,4,4,5,6,6,6,6,7,1,2,3,4,4,4,4
reelStrip2=2,7,1,6,5,0,1,7,5,3,5,1,7,4,4,7,6,3,4,2,2,4,5,3,5,1,7,3,2,4,8,2,6,5,3,7,2,1,5,7,6,3,1,6,3,6,6,2,1,4,3,3,1,3,5,0,6,7,2,2,2,2,2,3,4,4,4,5,6,7,7,7,1,2,3,4,5,6,7,7,1,2,3,8,4,4,4,5,6,6,6,6,7,1,2,3,4,4,4,4
reelStrip3=5,5,6,3,7,5,7,4,2,3,2,5,0,1,1,4,6,1,3,6,3,7,2,1,4,1,2,3,6,3,1,6,7,0,2,4,7,2,3,7,5,6,7,5,3,4,4,7,1,3,2,4,4,6,5,3,2,6,5,1,1,1,4,2,2,2,3,4,4,4,5,6,7,7,7,1,2,3,4,5,6,7,7,0,1,2,3,8,4,4,4,5,6,6,6,6,7,1,2,3,4,4,4,4
reelStrip4=5,5,6,3,7,5,7,4,2,3,2,5,1,1,4,7,6,1,3,6,3,7,2,1,5,1,2,3,6,3,6,7,2,4,7,2,1,7,5,6,7,5,3,4,4,7,3,0,2,4,4,6,5,3,2,7,6,5,8,1,1,1,4,2,2,2,3,4,4,4,5,6,7,7,7,0,1,2,3,4,5,6,7,7,1,2,3,8,4,4,4,5,6,6,6,6,0,7,1,2,3,4,4,4,4
reelStrip5=0,1,2,2,2,3,4,4,4,5,6,7,7,7,1,2,3,4,5,6,0,7,7,1,2,3,8,4,4,4,5,6,6,6,6,0,7,1,2,3,4,4,4,4,5,6,7,6,1,2,3,4,5,6,7,7,0,1,2,3,4,5,6,7,4,1,2,3,4,5,6,7,5,1,2,3,4,5,6,7
reelStrip6=
reelStripBonus1=2,4,1,6,1,2,5,7,4,2,7,6,3,7,2,5,7,4,2,7,6,3,7,5,3,1,7,5,3,6,1,7,2,5,4,2,7,6,3,7,2,4,2,6,4,2,1,7,6,4,1,3,2,5,3,4,2,7,6,3,7,2,7,3
reelStripBonus2=2,4,1,6,1,2,5,7,4,2,7,6,3,7,2,5,7,4,2,7,6,3,7,5,3,1,7,5,3,6,1,7,2,5,4,2,7,6,3,7,2,4,2,6,4,2,1,7,6,4,1,3,2,5,3,4,2,7,6,3,7,2,7,3
reelStripBonus3=2,4,1,6,1,2,5,7,4,2,7,6,3,7,2,5,7,4,2,7,6,3,7,5,3,1,7,5,3,6,1,7,2,5,4,2,7,6,3,7,2,4,2,6,4,2,1,7,6,4,1,3,2,5,3,4,2,7,6,3,7,2,7,3
reelStripBonus4=2,4,1,6,1,2,5,7,4,2,7,6,3,7,2,5,7,4,2,7,6,3,7,5,3,1,7,5,3,6,1,7,2,5,4,2,7,6,3,7,2,4,2,6,4,2,1,7,6,4,1,3,2,5,3,4,2,7,6,3,7,2,7,3
reelStripBonus5=2,4,1,6,1,2,5,7,4,2,7,6,3,7,2,5,7,4,2,7,6,3,7,5,3,1,7,5,3,6,1,7,2,5,4,2,7,6,3,7,2,4,2,6,4,2,1,7,6,4,1,3,2,5,3,4,2,7,6,3,7,2,7,3
reelStripBonus6=