reelStrip1=2,3,9,10,2,5,8,6,7,9,2,4,3,6,7,8,1,4,2,3,7,9,8,10,1,2,8,9,4,5,9,8,6,7,3,6,4,9,10,6,9,10,2,7,0,3,6,9,7,3,5,0,9,7,10,4,8,7,5,6,8,11,9,4,10,6,8,9,7
reelStrip2=2,3,9,10,2,5,8,6,7,9,2,4,3,13,6,7,8,1,4,2,3,7,9,8,10,1,2,8,9,4,5,9,8,6,7,3,6,4,9,10,6,9,10,2,7,0,3,6,9,7,3,5,0,9,7,10,4,8,7,5,6,8,9,4,10,6,8,9,7
reelStrip3=2,3,9,10,2,5,8,6,7,9,2,4,3,6,7,11,8,1,4,2,3,7,9,8,10,1,2,8,9,4,5,9,8,6,7,3,6,4,9,10,6,9,10,2,7,0,3,6,9,7,3,5,0,9,7,10,4,8,7,5,6,8,13,9,4,10,6,8,9,7
reelStrip4=2,3,9,10,2,5,8,6,7,9,2,4,3,6,7,8,1,4,2,3,7,13,9,8,10,1,2,8,9,4,5,9,8,6,7,3,6,4,9,10,6,9,10,2,7,0,3,6,9,7,3,5,0,9,7,10,4,8,7,5,6,8,9,4,10,6,8,9,7
reelStrip5=2,3,9,10,2,5,8,6,7,9,2,4,3,6,7,8,1,4,2,3,7,9,8,10,1,2,8,9,4,5,9,8,6,7,3,6,4,9,10,6,9,10,2,11,7,0,3,6,9,7,3,5,0,9,7,10,4,8,7,5,6,8,9,4,10,6,8,9,7
reelStrip6=
reelStripBonus1=2,3,9,10,2,5,8,6,7,9,2,4,3,6,7,8,1,4,2,3,7,9,8,10,1,2,8,9,4,5,9,8,6,7,3,6,4,9,10,6,9,10,2,7,0,3,6,9,7,3,5,0,9,7,10,4,8,7,5,6,8,9,4,10,6,8,9,7
reelStripBonus2=2,3,9,10,2,5,8,6,7,9,2,4,3,6,7,8,1,4,2,3,7,9,8,10,1,2,8,9,4,5,9,8,6,7,3,6,4,9,10,6,9,10,2,7,0,3,6,9,7,3,5,0,9,7,10,4,8,7,5,6,8,9,4,10,6,8,9,7
reelStripBonus3=2,3,9,10,2,5,8,6,7,9,2,4,3,6,7,8,1,4,2,3,7,9,8,10,1,2,8,9,4,5,9,8,6,7,3,6,4,9,10,6,9,10,2,7,0,3,6,9,7,3,5,0,9,7,10,4,8,7,5,6,8,9,4,10,6,8,9,7
reelStripBonus4=2,3,9,10,2,5,8,6,7,9,2,4,3,6,7,8,1,4,2,3,7,9,8,10,1,2,8,9,4,5,9,8,6,7,3,6,4,9,10,6,9,10,2,7,0,3,6,9,7,3,5,0,9,7,10,4,8,7,5,6,8,9,4,10,6,8,9,7
reelStripBonus5=2,3,9,10,2,5,8,6,7,9,2,4,3,6,7,8,1,4,2,3,7,9,8,10,1,2,8,9,4,5,9,8,6,7,3,6,4,9,10,6,9,10,2,7,0,3,6,9,7,3,5,0,9,7,10,4,8,7,5,6,8,9,4,10,6,8,9,7
reelStripBonus6=