reelStrip1=5,7,8,9,9,10,7,9,1,1,1,1,6,5,6,7,7,2,2,2,2,12,8,8,10,10,5,5,3,3,3,3,6,7,8,9,11,9,10,8,12,6,5,6,9,4,4,4,4,5,7,6,8,12,9,10,11,6,5,6,6,10,9,5,6,7,6,7,8,10
reelStrip2=5,7,8,9,9,10,7,9,1,1,1,1,6,5,6,7,7,2,2,2,2,12,8,8,10,10,5,5,3,3,3,3,6,7,8,9,11,9,10,8,0,6,5,6,9,4,4,4,4,5,7,6,8,12,9,10,11,6,5,6,6,10,9,5,6,7,6,7,8,10
reelStrip3=0,0,0,0,5,5,7,8,6,10,11,7,8,10,12,6,5,7,9,12,5,5,6,7,0,10,9,9,10,8,12,5,6,5,6,0,7,7,8,5,6,11,8,10,7,6,11,5,6,7,8,0,5,6,7,8,12,9,9,10,5
reelStrip4=5,7,8,9,9,10,7,9,1,1,1,1,6,5,6,7,7,2,2,2,2,12,8,8,10,10,5,5,3,3,3,3,6,7,8,9,11,9,10,8,0,6,5,6,9,4,4,4,4,5,7,6,8,12,9,10,11,6,5,6,6,10,9,5,6,7,6,7,8,10
reelStrip5=5,7,8,9,9,10,7,9,1,1,1,1,6,5,6,7,7,2,2,2,2,12,8,8,10,10,5,5,3,3,3,3,6,7,8,9,11,9,10,8,12,6,5,6,9,4,4,4,4,5,7,6,8,12,9,10,11,6,5,6,6,10,9,5,6,7,6,7,8,10
reelStrip6=
reelStripBonus1=5,7,8,9,9,10,7,9,1,1,1,1,6,5,6,7,7,2,2,2,2,12,8,8,10,10,5,5,3,3,3,3,6,7,8,9,11,9,10,8,12,6,5,6,9,4,4,4,4,5,7,6,8,12,9,10,11,6,5,6,6,10,9,5,6,7,6,7,8,10
reelStripBonus2=5,7,8,9,9,10,7,9,1,1,1,1,6,5,6,7,7,2,2,2,2,12,8,8,10,10,5,5,3,3,3,3,6,7,8,9,11,9,10,8,0,6,5,6,9,4,4,4,4,5,7,6,8,12,9,10,11,6,5,6,6,10,9,5,6,7,6,7,8,10
reelStripBonus3=0,0,0,0,5,5,7,8,6,10,11,7,8,10,12,6,5,7,9,12,5,5,6,7,0,10,9,9,10,8,12,5,6,5,6,0,7,7,8,5,6,11,8,10,7,6,11,5,6,7,8,0,5,6,7,8,12,9,9,10,5
reelStripBonus4=5,7,8,9,9,10,7,9,1,1,1,1,6,5,6,7,7,2,2,2,2,12,8,8,10,10,5,5,3,3,3,3,6,7,8,9,11,9,10,8,0,6,5,6,9,4,4,4,4,5,7,6,8,12,9,10,11,6,5,6,6,10,9,5,6,7,6,7,8,10
reelStripBonus5=5,7,8,9,9,10,7,9,1,1,1,1,6,5,6,7,7,2,2,2,2,12,8,8,10,10,5,5,3,3,3,3,6,7,8,9,11,9,10,8,12,6,5,6,9,4,4,4,4,5,7,6,8,12,9,10,11,6,5,6,6,10,9,5,6,7,6,7,8,10
reelStripBonus6=