reelStrip1=9,9,10,10,11,7,7,5,5,8,8,11,11,10,10,6,6,11,8,8,9,9,5,5,11,11,9,9,8,8,11,11,5,5,6,6,11,4,4,7,7,6,6,11,8,8,10,10,9,9,11,7,7,3,3,11,8,8,7,7,11,9,9,5,5,13,13,13,11,11,0,6,6,10,10,11,11,7,7,10,10,11,9,9,7,7,8,8,11,11,10,10,9,9,11,1,10,10,6,6,5,5,11,11
reelStrip2=11,8,8,0,7,7,11,8,8,12,12,12,12,11,11,7,7,9,9,8,8,11,10,10,9,9,3,3,11,11,4,4,10,10,11,7,7,3,3,11,11,4,4,1,7,7,11,11,5,5,4,4,11,11,3,3,8,8,11,11,3,3,9,9,11,11,4,4,7,7,11,11,0,8,8,6,6,4,4,11,1,3,3,10,10
reelStrip3=3,3,10,10,11,6,6,7,7,9,9,3,3,6,6,10,10,11,9,9,3,3,6,6,5,5,3,3,11,10,10,6,6,9,9,4,4,5,5,3,3,6,6,9,9,4,4,8,8,11,3,3,4,4,11,8,8,9,9,0,6,6,11,11,7,7,10,10,11,4,4,9,9,11,3,3,5,5,11,13,13,13,13,13,11,5,5,1,10,10,7,7,5,5,10,10,1,11,4,4,8,8,11,5,5
reelStrip4= 11,11,8,8,10,10,11,7,7,5,5,11,11,10,10,7,7,11,5,5,9,9,7,7,8,8,5,5,11,0,4,4,12,12,12,12,7,7,8,8,10,10,0,11,11,9,9,0,7,7,6,6,11,9,9,8,8,6,6,9,9,4,4,10,10,11,11,1,4,4,3,3,11,8,8,5,5,6,6,11,11,9,9,6,6,10,10,0
reelStrip5=4,4,9,9,3,3,10,10,11,11,4,4,6,6,8,8,5,5,3,3,10,10,4,4,3,3,5,5,9,9,1,7,7,11,11,10,10,3,3,9,9,0,7,7,10,10,6,6,7,7,4,4,10,10,13,13,13,5,5,8,8,9,9,7,7,10,10,0,3,3,4,4,0,5,5,9,9,8,8,10,10,9,9,11,11,5,5,10,10,9,9,8,8
reelStrip6=
reelStripBonus1=6,6,7,7,11,5,5,6,6,11,9,9,10,10,11,11,6,6,7,7,9,9,11,5,5,8,8,11,13,13,13,10,10,7,7,11,6,6,10,10,5,5,11,7,7,8,8,11,11,9,9,3,3,7,7,11,11,5,5,4,4,11,11,8,8,9,9,10,10,11,11,8,8,6,6,11,11,8,8,5,5,7,7,11,11,8,8
reelStripBonus2= 4,4,7,7,3,3,11,11,9,9,1,8,8,11,11,10,10,8,8,11,9,9,3,3,11,11,9,9,7,7,11,11,4,4,3,3,7,7,11,11,4,4,7,7,11,10,10,4,4,11,8,8,10,10,11,3,3,8,8,11,11,5,5,3,3,11,7,7,4,4,11,6,6,8,8,11,11,12,12,12,12,11,11 
reelStripBonus3=7,7,6,6,5,5,11,9,9,4,4,5,5,10,10,11,11,9,9,3,3,5,5,10,10,11,6,6,4,4,11,7,7,13,13,13,13,13,11,10,10,4,4,5,5,11,1,3,3,8,8,11,6,6,3,3,8,8,11,9,9,4,4,11,3,3,9,9,11,10,10,3,3,7,7,10,10,11,5,5,9,9,11,3,3,6,6,11,9,9,8,8,6,6,10,10,11,5,5,6,6,3,3,11,4,4 
reelStripBonus4=4,4,8,8,11,10,10,6,6,8,8,9,9,11,11,6,6,10,10,11,7,7,3,3,9,9,8,8,11,11,6,6,4,4,5,5,7,7,4,4,10,10,7,7,9,9,6,6,11,11,8,8,5,5,11,11,1,8,8,10,10,11,5,5,9,9,11,11,7,7,12,12,12,12,10,10,11,7,7,9,9,11,5,5
reelStripBonus5=8,8,7,7,10,10,5,5,9,9,10,10,4,4,5,5,8,8,10,10,9,9,5,5,10,10,3,3,9,9,10,10,3,3,5,5,4,4,6,6,9,9,11,11,13,13,13,7,7,9,9,4,4,10,10,8,8,7,7,4,4,3,3,1,11,11,6,6,4,4,11,11,7,7,3,3,9,9,10,10,5,5,8,8,10,10,3,3,9,9
reelStripBonus6=