reelStrip1=5,7,3,4,5,4,7,4,5,3,4,7,6,4,9,4,7,4,5,7,3,4,5,4,3,4,6,5,3,6,5,0,0,0,10,10,10,1,2,4,9,4,6,9,4,5,4,9,3,4,5,3,4,5,3,8,6,4,9,6,7,9,5,8
reelStrip2=5,7,3,4,5,4,7,4,5,3,4,7,6,4,9,4,7,4,5,7,3,4,5,4,3,0,0,0,10,10,10,1,2,4,6,5,3,6,5,4,9,4,6,9,4,5,4,0,0,0,10,10,10,1,2,9,3,4,5,3,4,5,3,8,6,4,9,6,7,9,5,8
reelStrip3=5,7,3,4,5,4,7,4,5,3,4,7,6,4,9,0,0,0,10,10,10,1,2,4,7,4,5,7,3,4,5,4,3,4,6,5,3,6,5,4,9,4,6,9,4,5,4,9,3,4,5,3,4,5,3,8,6,4,9,6,7,9,5,8
reelStrip4=5,7,3,4,5,4,7,4,5,3,4,7,6,4,9,4,7,4,5,7,3,4,5,4,3,4,6,5,3,6,5,4,9,4,6,9,4,5,4,9,3,4,5,3,0,0,0,10,10,10,1,2,4,5,3,8,6,4,9,6,7,9,5,8
reelStrip5=5,7,3,4,5,4,7,4,5,3,4,7,6,4,9,4,7,4,5,7,3,4,5,4,3,4,6,5,0,0,0,10,10,10,1,2,3,6,5,4,9,4,6,9,4,5,4,9,3,4,5,3,4,5,3,8,6,4,9,6,7,9,5,8
reelStrip6=
reelStripBonus1=
reelStripBonus2=
reelStripBonus3=
reelStripBonus4=
reelStripBonus5=
reelStripBonus6=
