reelStrip1=3, 6, 5, 2, 7, 9, 8, 5, 4, 2, 7, 6, 3, 5, 7, 6, 5, 0, 8, 4, 9, 8, 3, 4, 7, 1, 5, 9, 1, 4, 6, 11, 7, 4, 0, 6, 5, 11, 7, 4, 1, 6, 8, 3, 6, 5, 2, 7, 9, 8, 5, 4, 2, 7, 6, 3, 5, 7, 6, 5, 0, 8, 4, 9, 8, 3, 4, 7, 1, 5, 9, 1, 4, 6, 11, 7, 4, 0, 6, 5, 11, 7, 4, 1, 6, 8, 5, 7
reelStrip2=7, 5, 8, 9, 5, 2, 8, 6, 4, 5, 2, 8, 9, 3, 7, 5, 9, 0, 6, 7, 4, 8, 2, 5, 7, 6, 4, 3, 9, 7, 5, 6, 1, 8, 7, 0, 6, 8, 3, 7, 6, 8, 1, 6, 7, 5, 8, 9, 5, 2, 8, 6, 4, 5, 2, 8, 9, 3, 7, 5, 9, 0, 6, 7, 4, 8, 2, 5, 7, 6, 4, 3, 9, 7, 5, 6, 1, 8, 7, 5, 6, 7, 3, 8, 6, 5, 8, 1, 6
reelStrip3=7, 9, 11, 8, 7, 3, 8, 7, 3, 4, 6, 11, 7, 8, 1, 9, 4, 2, 7, 8, 1, 4, 6, 3, 8, 6, 2, 7, 6, 2, 9, 6, 11, 7, 9, 3, 7, 8, 1, 5, 0, 4, 8, 1, 4, 2, 8, 5, 1, 4, 6, 0, 4, 6, 1, 5, 2, 7, 9, 11, 8, 7, 3, 8, 7, 3, 4, 6, 11, 7, 8, 1, 9, 4, 2, 7, 8, 1, 4, 6, 3, 8, 6, 2, 7, 6, 2, 9, 6, 11, 7, 9, 3, 7, 8, 1, 5, 0, 4, 8
reelStrip4=4, 5, 2, 6, 4, 5, 6, 1, 4, 6, 1, 7, 9, 5, 0, 9, 6, 3, 8, 9, 2, 7, 3, 8, 7, 6, 0, 7, 5, 6, 4, 2, 5, 8, 6, 2, 8, 4, 2, 8, 4, 1, 7, 4, 3, 4, 5, 2, 6, 4, 5, 6, 1, 4, 6, 1, 7, 9, 5, 0, 9, 6, 3, 8, 9, 2, 7, 3, 8, 7, 6, 0, 7, 5, 6, 4, 2, 5, 8, 6, 2, 8, 4, 2, 8, 4, 1, 7, 4, 3
reelStrip5=7, 1, 6, 2, 4, 8, 11, 6, 7, 3, 6, 4, 1, 7, 3, 8, 1, 9, 11, 6, 3, 8, 4, 9, 1, 5, 7, 0, 4, 5, 3, 4, 8, 3, 5, 8, 11, 5, 7, 1, 6, 4, 0, 5, 7, 2, 6, 4, 1, 5, 11, 8, 7, 1, 6, 2, 4, 8, 11, 6, 7, 3, 6, 4, 1, 7, 3, 8, 1, 9, 11, 6, 3, 8, 4, 9, 1, 5, 7, 0, 4, 5, 3, 4, 8, 3, 5, 8, 11, 5, 7, 1, 6, 4, 0, 5, 7, 2, 6, 4
reelStrip6=
reelStripBonus1=2, 8, 5, 9, 2, 8, 5, 7, 2, 5, 4, 3, 9, 4, 7, 1, 9, 0, 7, 6, 4, 3, 7, 9, 2, 4, 9, 0, 6, 4, 7, 1, 4, 7, 9, 3, 7, 6, 2, 4, 7, 0, 6, 9, 4
reelStripBonus2=3, 7, 5, 6, 2, 5, 8, 6, 0, 8, 5, 2, 7, 5, 8, 6, 3, 8, 6, 0, 7, 6, 5, 3, 7, 5, 4, 8, 1, 7, 4, 6, 8, 3, 7, 6, 2, 4, 8, 9, 5, 3, 9, 5, 6, 2, 8, 6, 5
reelStripBonus3=7, 0, 6, 7, 1, 5, 6, 9, 8, 3, 7, 4, 9, 5, 6, 2, 4, 6, 8, 3, 5, 6, 8, 3, 9, 4, 5, 0, 8, 7, 5, 9, 3, 7, 8, 9, 5, 6, 2, 4, 9, 8, 4, 5, 2, 4
reelStripBonus4=6, 3, 5, 7, 9, 1, 6, 5, 8, 2, 5, 9, 8, 2, 5, 7, 6, 2, 7, 9, 8, 0, 7, 5, 4, 2, 6, 7, 8, 5, 2, 9, 8, 5, 7, 9, 2, 6, 7, 4, 6, 3, 5, 8, 9
reelStripBonus5=2, 6, 9, 4, 3, 7, 9, 1, 4, 5, 7, 8, 1, 7, 4, 3, 5, 9, 8, 1, 6, 9, 5, 8, 0, 6, 3, 8, 7, 5, 2, 6, 3, 4, 7, 1, 5, 4, 1, 9, 8, 1, 6, 2, 4, 6, 7
reelStripBonus6=