reelStrip1=8,8,8,2,2,2,11,11,11,3,3,3,12,12,12,4,4,4,9,9,9,4,4,4,5,5,5,8,8,8,10,10,10,12,12,12,11,11,11,7,7,7,10,10,10,6,6,6,9,9,9
reelStrip2=12,12,12,5,5,5,12,12,12,8,8,8,4,4,4,8,8,8,11,11,11,7,7,7,10,10,10,10,11,11,11,9,9,9,3,3,3,1,1,1,1,1,1,10,10,10,10,2,2,2,1,1,1,9,9,9,6,6,6,9,9,9
reelStrip3=12,12,12,5,5,5,12,12,12,8,8,8,6,6,6,8,8,8,11,11,11,7,7,7,7,11,11,11,10,10,10,10,3,3,3,9,9,9,10,10,10,4,4,4,8,8,8,12,12,12,12,5,5,5,9,9,9,12,12,12,12,6,6,6,6,7,7,7,7,11,11,11,11,11,11,11,11,10,10,10,10,9,9,9,12,12,12,5,5,5,12,12,12,8,8,8,6,6,6,8,8,8,7,7,7,7,11,11,11,10,10,10,4,4,4,10,10,10,10,9,9,9,11,11,11,4,4,4,3,3,3,9,9,9,12,12,12,12,5,5,5,12,12,12,12,2,2,2,2,2,2,6,6,6,6,8,8,8,8,11,11,11,11,7,7,7,7,11,11,11,11,10,10,10,10,9,9,9,12,12,12,5,5,5,12,12,12,8,8,8,6,6,6,11,11,11,8,8,8,7,7,7,7,11,11,11,10,10,10,10,3,3,3,10,10,10,10,9,9,9,5,5,5,9,9,9,12,12,12,12,6,6,6,6,12,12,12,12,8,8,8,4,4,4,4,2,2,2,11,11,11,11,7,7,7,7,11,11,11,11,10,10,10,10,9,9,9
reelStrip4=1,1,1,1,1,7,7,7,5,5,5,5,6,6,6,6,9,9,9,7,7,7,3,3,3,3,10,10,10,10,12,12,12,4,4,4,4,11,11,11,11,7,7,7,7,6,6,6,6,9,9,9,12,12,12,12,5,5,5,5,7,7,7,7,10,10,10,8,8,8,8,6,6,6,6,4,4,4,11,11,11,9,9,9,8,8,8,8,7,7,7,7,6,6,6,6,2,2,2,11,11,11,11,10,10,10,7,7,7,7
reelStrip5=12,12,12,5,5,5,5,8,8,8,6,6,6,6,4,4,4,2,2,2,7,7,7,3,3,3,9,9,9,10,10,10,10,11,11,11,4,4,4,4
reelStrip6=
reelStripBonus1=
reelStripBonus2=
reelStripBonus3=
reelStripBonus4=
reelStripBonus5=
reelStripBonus6=