reelStrip1=0,0,0,0,0,6,7,2,3,5,0,1,2,4,5,2,3,4,1,1,1,1,1,4,1,2,7,0,1,2,4,5,6,0,0,0,7,3,4,5,6,7,2,2,2,2,6,0,1,2,3,4,1,2,7,2,5,6,1,1,1,0,1,2,3,4,1,2,7,0,1,3,3,3,3,3,0,1,2,3,4,1,2,7,2,5,6,1,2,4,5,6,7,3,4,5,3,3,3,6,7,0,1,2,0,1,2,3,3,4,1,4,4,4,4,4,0,0,0,3,4,1,2,7,0,1,2,4,5,6,7,3,4,5,5,5,5,5,6,6,6,6,6,1,2,3,4,1,2,7,2,5,6,1,2,3,4,1,2,7,2,5,6,1,2,3,4,1,2,7,2,5,6,0,1,2,4,5,6,7,3,4,5,7,7,7,7,7,6,7,2,3,5,0,1,2,5,5,5,4,5,1,2,3,4,1,2,7,2,5,6,2,6,0,1,2,3,4,1,2,7,1,1,1,3,4
reelStrip2=0,0,0,0,0,6,7,2,3,5,0,1,2,4,5,2,3,4,1,1,1,1,1,4,1,2,7,0,1,2,4,5,6,0,0,0,7,3,4,5,6,7,2,2,2,2,6,0,1,2,3,4,1,2,7,2,5,6,1,1,1,0,1,2,3,4,1,2,7,0,1,3,3,3,3,3,0,1,2,4,5,6,7,3,4,5,3,3,3,6,7,0,1,2,0,1,2,3,3,4,1,4,4,4,4,4,0,0,0,3,4,1,2,7,0,1,2,4,5,6,7,3,4,5,5,5,5,5,0,1,2,3,4,1,2,7,0,1,2,3,4,1,2,7,0,1,2,3,4,1,2,7,0,1,2,3,4,1,2,7,6,6,6,6,6,0,1,2,4,5,6,7,3,4,5,7,7,7,7,7,6,7,2,3,5,0,1,2,5,5,5,4,5,2,6,0,0,1,2,3,4,1,2,7,1,2,3,4,1,2,7,1,1,1,3,4
reelStrip3=0,0,0,0,0,6,7,2,3,5,0,1,2,4,5,2,3,4,1,1,1,1,1,4,1,2,7,0,1,2,4,5,6,0,0,0,7,3,4,5,6,7,2,2,2,2,6,0,1,2,3,4,1,2,7,2,5,6,1,1,1,0,1,2,3,4,1,2,7,0,1,3,3,3,3,3,0,1,2,4,5,6,7,3,4,5,3,3,3,6,7,0,1,2,0,1,2,3,3,4,1,0,1,2,3,4,1,2,7,1,2,3,4,1,2,7,0,1,2,3,4,1,2,7,1,2,3,4,1,2,7,4,4,4,4,4,0,0,0,3,4,1,2,7,0,1,2,4,5,6,7,3,4,5,5,5,5,5,6,6,6,6,6,0,1,2,4,5,6,7,3,4,5,7,7,7,7,7,0,1,2,3,4,1,2,7,1,2,3,4,1,2,7,0,1,2,3,4,1,2,7,1,2,3,4,1,2,7,0,1,2,3,4,1,2,7,1,2,3,4,1,2,7,6,7,2,3,5,0,1,2,5,5,5,4,5,2,6,0,1,2,3,4,1,2,7,1,1,1,3,4
reelStrip4=0,0,0,0,0,6,7,2,3,5,0,1,2,4,5,2,3,4,1,1,1,1,1,0,1,2,3,4,1,2,7,1,2,3,4,1,2,7,0,1,2,3,4,1,2,7,1,2,3,4,1,2,7,0,1,2,3,4,1,2,7,1,2,3,4,1,2,7,4,1,2,7,0,1,2,4,5,6,0,0,0,7,3,4,5,6,7,2,2,2,2,6,0,1,2,3,4,1,2,7,2,5,6,1,1,1,0,1,2,3,4,1,2,7,0,1,3,3,3,3,3,0,1,2,4,5,6,7,3,4,5,3,3,3,6,7,0,1,2,0,1,2,3,3,4,1,4,4,4,4,4,0,0,0,3,4,1,2,7,0,1,2,4,5,6,7,3,4,5,5,5,5,5,6,6,6,6,6,0,1,2,4,5,6,7,3,4,5,7,7,7,7,7,6,7,2,3,5,0,1,2,5,5,5,4,5,2,6,0,1,2,3,4,1,2,7,1,1,1,3,4,0,1,2,3,4,1,2,7,1,2,3,4,1,2,7,0,1,2,3,4,1,2,7,1,2,3,4,1,2,7,0,1,2,3,4,1,2,7,1,2,3,4,1,2,7,0,1,2,3,4,1,2,7,1,2,3,4,1,2,7,0,1,2,3,4,1,2,7,1,2,3,4,1,2,7
reelStrip5=0,0,0,0,0,6,7,2,3,5,0,1,2,4,5,2,3,4,1,1,1,1,1,4,1,2,7,0,1,2,4,5,6,0,0,0,7,3,4,5,6,7,2,2,2,2,6,0,1,2,3,4,1,2,7,2,5,6,1,1,1,0,1,2,3,4,1,2,7,0,1,3,3,3,3,3,0,1,2,4,5,6,7,3,4,5,3,3,3,0,1,2,3,4,1,2,7,1,2,3,4,1,2,7,0,1,2,3,4,1,2,7,1,2,3,4,1,2,7,0,1,2,3,4,1,2,7,1,2,3,4,1,2,7,6,7,0,1,2,0,1,2,3,3,4,1,4,4,4,4,4,0,0,0,3,4,1,2,7,0,1,2,4,5,6,7,3,4,5,5,5,5,5,6,6,6,6,6,0,1,2,4,5,6,7,3,4,5,7,7,7,7,7,6,7,2,3,5,0,1,2,5,5,5,4,5,2,6,0,1,2,3,4,1,2,7,1,1,1,3,4
reelStrip6=
reelStripBonus1=0,0,0,0,0,6,7,2,3,5,0,1,2,4,5,2,3,4,1,1,1,1,1,4,1,2,7,0,1,2,4,5,6,0,0,0,7,3,4,5,6,7,2,2,2,2,6,0,1,2,3,4,1,2,7,2,5,6,1,1,1,0,1,2,3,4,1,2,7,0,1,3,3,3,3,3,0,1,2,4,5,6,7,3,4,5,3,3,3,6,7,0,1,2,0,1,2,3,3,4,1,4,4,4,4,4,0,0,0,3,4,1,2,7,0,1,2,4,5,6,7,3,4,5,5,5,5,5,0,1,2,3,4,1,2,7,1,2,3,4,1,2,7,6,6,6,6,6,0,1,2,4,5,6,7,3,4,5,7,7,7,7,7,6,7,2,3,5,0,1,2,5,5,5,4,5,2,6,0,1,2,3,4,0,1,2,3,4,1,2,7,1,2,3,4,1,2,7,1,2,7,1,1,1,3,4
reelStripBonus2=0,0,0,0,0,0,1,2,3,4,1,2,7,1,2,3,4,1,2,7,0,1,2,3,4,1,2,7,1,2,3,4,1,2,7,6,7,2,3,5,0,1,2,4,5,2,3,4,1,1,1,1,1,4,1,2,7,0,1,2,4,5,6,0,0,0,7,3,4,5,6,7,2,2,2,2,6,0,1,2,8,3,4,1,2,7,2,5,6,1,1,1,0,1,2,3,4,1,2,7,0,1,3,3,3,3,3,0,1,2,4,5,6,7,3,4,5,3,3,3,6,7,0,1,2,0,1,2,3,3,4,8,1,4,4,4,4,4,0,0,0,3,4,1,2,7,0,1,2,4,5,6,7,3,4,5,5,5,5,5,0,7,3,4,5,6,7,0,7,3,4,5,6,7,0,7,3,4,5,6,7,6,6,6,6,6,0,1,2,4,5,6,7,3,4,5,7,7,7,7,7,6,7,2,8,3,5,0,1,2,5,5,5,0,7,3,4,5,6,7,4,5,2,6,0,1,2,3,4,1,2,7,1,1,1,3,4
reelStripBonus3=0,0,0,0,0,6,7,2,3,5,8,0,1,2,4,5,2,3,4,1,1,1,1,1,4,1,2,7,0,1,2,4,5,6,0,0,0,7,3,4,5,6,7,2,2,2,2,0,7,3,4,5,6,7,0,7,3,4,5,6,7,0,7,3,4,5,6,7,0,7,3,4,5,6,7,6,0,1,2,3,4,1,2,7,2,5,6,1,1,1,0,1,2,3,4,1,2,7,0,1,3,3,3,3,3,0,1,2,4,5,6,7,3,4,5,3,3,3,8,6,7,0,1,2,0,1,2,3,3,4,1,4,4,4,4,4,0,0,0,3,4,1,2,7,0,1,2,4,5,6,7,3,4,5,5,5,5,5,6,6,6,6,6,0,1,2,4,5,6,7,3,4,5,7,7,7,7,7,6,7,2,3,5,0,1,2,5,5,5,4,5,2,6,0,1,2,3,4,1,2,7,1,1,1,3,4
reelStripBonus4=0,0,0,0,0,6,7,2,3,5,0,1,2,4,5,2,3,4,0,7,3,4,5,6,7,0,7,3,4,5,6,7,0,7,3,4,5,6,7,0,7,3,4,5,6,7,0,7,3,4,5,6,7,1,1,1,1,1,4,1,2,7,0,1,2,4,5,6,0,0,0,7,3,4,5,6,7,2,2,2,2,6,0,1,2,3,4,1,2,7,2,5,6,8,1,1,1,0,1,2,3,4,1,2,7,0,1,3,3,3,3,3,0,1,2,4,5,6,7,3,4,5,3,3,3,6,7,0,1,2,0,1,2,3,3,4,1,4,4,4,4,4,0,0,0,3,4,1,2,7,0,1,2,4,5,6,7,3,4,5,5,5,5,5,6,6,6,6,6,0,1,2,4,5,6,7,3,4,5,8,7,7,7,7,7,6,7,2,3,5,0,1,2,5,5,5,4,5,2,6,0,1,2,3,4,1,2,7,1,1,1,3,4
reelStripBonus5=0,0,0,0,0,6,7,2,3,5,0,1,2,4,5,2,3,4,1,1,1,1,1,0,7,3,4,5,6,7,0,7,3,4,5,6,7,0,7,3,4,5,6,7,0,7,3,4,5,6,7,4,1,2,7,0,1,2,4,5,6,0,0,0,7,3,4,5,6,7,2,2,2,2,6,0,1,2,3,4,1,2,7,2,5,6,1,1,1,0,1,2,3,4,1,2,7,0,1,3,3,3,3,3,0,1,2,4,5,6,7,3,4,5,3,3,3,6,7,0,1,2,0,1,2,3,3,4,1,4,4,4,4,4,0,0,0,3,4,1,2,7,0,1,2,4,5,6,7,3,4,5,5,5,5,5,0,7,3,4,5,6,7,0,7,3,4,5,6,7,0,7,3,4,5,6,7,0,7,3,4,5,6,7,6,6,6,6,6,0,1,2,4,5,6,7,3,4,5,7,7,7,7,7,6,7,2,3,5,0,1,2,5,5,5,4,5,2,6,0,1,2,3,4,1,2,7,1,1,1,3,4
reelStripBonus6=