reelStrip1=2,6,7,9,6,7,6,8,2,5,7,8,1,10,4,8,7,3,8,5,9,10,11,5,12,10,9,11,8
reelStrip2=2,10,9,0,0,0,0,0,10,4,7,3,5,4,1,10,8,2,3,6,1,8,9,5,12,7,11,6,7
reelStrip3=2,7,8,0,0,0,0,0,10,6,0,0,0,4,3,11,9,8,1,10,3,2,11,5,12,6,4,5,7
reelStrip4=2,8,3,0,0,0,11,3,1,5,4,2,7,4,2,10,3,6,9,10,7,6,5,7,12,4,9,11,8
reelStrip5=2,5,9,0,0,0,8,7,4,6,11,10,6,4,1,3,5,8,9,2,7,11,4,5,12,10,3,4,10
reelStrip6=
reelStripBonus1=2,6,7,9,6,7,6,8,2,5,7,8,1,10,4,8,7,3,8,5,9,10,11,5,12,10,9,11,8
reelStripBonus2=2,10,9,0,0,0,0,0,10,4,7,3,5,4,1,10,8,2,3,6,1,8,9,5,12,7,11,6,7
reelStripBonus3=2,7,8,0,0,0,0,0,10,6,0,0,0,4,3,11,9,8,1,10,3,2,11,5,12,6,4,5,7
reelStripBonus4=2,8,3,0,0,0,11,3,1,5,4,2,7,4,2,10,3,6,9,10,7,6,5,7,12,4,9,11,8
reelStripBonus5=2,5,9,0,0,0,8,7,4,6,11,10,6,4,1,3,5,8,9,2,7,11,4,5,12,10,3,4,10
reelStripBonus6=