reelStrip1=6,1,4,3,0,7,1,4,2,5,0,6,1,3,8,2,0,7,2,5
reelStrip2=3,4,2,9,0,7,2,5,3,9,2,4,1,10,0,1,3,5,2,1
reelStrip3=2,5,3,7,1,6,0,5,2,10,1,5,0,4,3,9,2,7,0,8
reelStrip4=5,3,4,0,8,6,3,5,0,9,2,4,0,9,1,7,2,6,10,7
reelStrip5=6,2,7,1,4,2,5,0,6,1,5,3,8,2,4,0,7,1,5,3
reelStrip6=
reelStripBonus1=6,1,4,3,0,7,1,4,2,5,0,6,1,3,8,2,0,7,2,5
reelStripBonus2=3,4,2,9,0,7,2,5,3,9,2,4,1,10,0,1,3,5,2,1
reelStripBonus3=2,5,3,7,1,6,0,5,2,1,5,0,4,3,9,2,7,0,8
reelStripBonus4=5,3,4,0,8,6,3,5,0,9,2,4,0,9,1,7,2,6,10,7
reelStripBonus5=6,2,7,1,4,2,5,0,6,1,5,3,8,2,4,0,7,1,5,3
reelStripBonus6=