reelStrip1=1,3,3,7,4,4,4,7,2,2,2,7,5,5,5,6,7,8,3,3,3,7,4,4,6,7,8,3,3,7,5,5,7,3,3,2,8,3,3,5,7,8,4,4,2,3,7,8
reelStrip2=1,6,2,2,2,6,4,4,4,6,5,5,5,6,8,3,3,3,6,2,2,6,4,4,5,5,6,7,8,2,2,6,4,4,5,5,2,2,6,7,8,6,1,2,2,6,7,8
reelStrip3=1,2,2,2,7,4,4,4,5,5,5,6,7,8,6,3,3,3,6,8,7,3,3,6,7,2,2,3,1,6,7,2,2,3,8,4,4,5,5,6,7,8,6,2,3,6,7,5
reelStrip4=1,3,3,3,3,4,7,4,4,4,6,5,5,5,4,4,4,5,5,5,6,7,8,2,3,2,6,7,3,3,3,3,6,7,8,2,2,3,2,1,6,7,2,2,2,2,6,7
reelStrip5=1,4,4,4,4,1,5,5,5,6,7,8,4,4,4,5,5,5,4,2,2,6,7,3,3,4,3,6,7,2,2,2,6,7,2,2,2,6,7,3,3,3,3,2,2,2,6,7
reelStrip6=
reelStripBonus1=
reelStripBonus2=
reelStripBonus3=
reelStripBonus4=
reelStripBonus5=
reelStripBonus6=