reelStrip1=8, 5, 4, 10, 3, 6, 7, 3, 8, 4, 6, 4, 9, 1, 1, 1, 1, 9, 10, 7, 0, 0, 0, 0, 5, 7, 3, 8, 4, 7, 3, 8, 9, 6, 2, 2, 2, 2, 7, 9, 6, 1, 1, 1, 1, 6, 5, 5, 2, 2, 2, 2, 10, 3, 9, 4, 10, 9, 3, 8, 4, 8, 6, 11, 10, 7, 1, 1, 1, 1, 1, 1, 1, 1, 10, 5, 5, 2, 2, 2, 2, 2, 2, 2, 2
reelStrip2=1, 1, 1, 1, 6, 5, 8, 4, 7, 3, 10, 4, 8, 3, 6, 5, 6, 0, 0, 0, 0, 7, 5, 6, 5, 2, 2, 2, 2, 8, 5, 6, 4, 6, 5, 4, 7, 9, 3, 6, 7, 3, 8, 9, 4, 6, 10, 3, 7, 5, 4, 10, 5, 3, 8, 5, 2, 2, 2, 2, 5, 8, 3, 7, 6, 4, 10, 8, 4, 7, 5, 3, 7, 6, 1, 1, 1, 1, 6, 9, 11, 9, 5, 8, 6
reelStrip3=8, 7, 9, 1, 1, 1, 1, 10, 7, 3, 8, 9, 4, 10, 7, 8, 0, 0, 0, 0, 7, 5, 9, 4, 7, 8, 3, 8, 9, 8, 10, 1, 1, 1, 1, 9, 7, 5, 10, 4, 10, 5, 2, 2, 2, 2, 6, 7, 3, 8, 6, 6, 8, 4, 10, 7, 1, 1, 1, 1, 5, 9, 3, 7, 8, 11, 6, 7, 8, 11, 10, 9, 1, 1, 1, 1, 1, 9, 7, 8, 10, 1, 1, 1, 1, 1, 1, 1, 8, 7, 2, 2, 2, 2
reelStrip4=5, 7, 1, 1, 1, 1, 6, 3, 9, 4, 7, 3, 8, 2, 2, 2, 2, 5, 6, 8, 0, 0, 0, 0, 6, 5, 6, 11, 10, 8, 3, 10, 9, 2, 2, 2, 2, 8, 3, 9, 10, 4, 9, 0, 0, 0, 0, 7, 5, 1, 1, 1, 1, 10, 7, 2, 2, 2, 2, 2, 2, 2, 2
reelStrip5=7, 5, 1, 1, 1, 1, 10, 7, 3, 9, 6, 4, 6, 9, 3, 8, 4, 10, 0, 0, 0, 0, 9, 4, 8, 3, 8, 11, 7, 6, 2, 2, 2, 2, 5, 4, 9, 3, 11, 8, 10, 0, 0, 0, 0, 7, 11, 5, 10, 1, 1, 1, 1, 6, 5, 2, 2, 2, 2
reelStrip6=
reelStripBonus1=6, 4, 9, 3, 9, 8, 1, 1, 1, 1, 8, 10, 2, 2, 2, 2, 10, 3, 5, 4, 6, 7, 4, 10, 0, 0, 0, 0, 5, 7, 3, 6, 4, 7, 3, 5, 11, 8, 2, 2, 8, 9, 5, 1, 1, 1, 1, 10, 6, 0, 0, 0, 0, 7, 9
reelStripBonus2=1, 1, 1, 1, 5, 8, 0, 0, 0, 0, 8, 4, 5, 4, 6, 11, 9, 3, 7, 1, 1, 1, 1, 6, 2, 2, 2, 2, 10, 3, 7, 0, 0, 0, 0, 10, 9
reelStripBonus3=1, 1, 1, 1, 5, 6, 3, 8, 2, 2, 2, 2, 10, 4, 6, 4, 7, 7, 0, 0, 0, 0, 5, 11, 6, 0, 0, 0, 0, 4, 9, 3, 9, 1, 1, 1, 1, 5, 4, 7, 8, 3, 8, 3, 10
reelStripBonus4=7, 4, 5, 1, 1, 1, 1, 6, 5, 2, 2, 2, 2, 7, 3, 8, 0, 0, 0, 0, 6, 11, 10, 3, 6, 4, 7, 1, 1, 1, 1, 8, 3, 5, 9, 0, 0, 0, 0, 9, 4, 8, 0, 0, 0, 0, 10
reelStripBonus5=1, 1, 1, 1, 6, 4, 7, 3, 9, 2, 2, 2, 2, 8, 10, 11, 5, 3, 6, 4, 8, 9, 0, 0, 0, 0, 9, 4, 5, 0, 0, 0, 0, 5, 4, 6, 1, 1, 1, 1, 6, 7, 0, 0, 0, 0, 8, 7
reelStripBonus6=