reelStrip1=3, 4, 2, 21, 3, 5,  0, 20, 2,  1, 17,  0, 3, 6,  1, 3,  8, 0, 3, 19, 1, 4,  6, 2,  4, 6, 5,  16, 2,  1, 6, 15, 4, 0, 10, 3, 14, 1,  8, 0,  2, 13, 3,  6, 1,  2, 7,  4, 12, 1, 4,  7, 1,  4, 6,  3,  1, 7,  4, 0,  3, 18,  1, 4, 5, 0, 10, 3, 4,  6,  1, 4, 2, 6,  4, 3,  1, 9, 3,  4, 8, 1, 4, 6, 3, 1, 9, 3, 4,  1, 9, 2, 0
reelStrip2=3, 2, 21, 0, 5, 8,  0, 2,  17, 0, 3,  18, 2, 5,  8, 0,  3, 7, 2, 5,  0, 2,  1, 7,  5, 4, 15, 2,  5,  7, 0, 16, 5, 10, 0, 1, 14, 8,  0, 22, 2, 9,  13, 6, 2,  4, 0,  5,  6, 2, 5,  7, 0,  2, 6,  4,  2, 12, 5, 6,  0,  3, 19, 1, 4, 5, 10, 0, 2,  7,  5, 0, 2, 4, 12, 5,  6, 0, 5, 20, 0, 2, 3, 9, 1, 0, 6, 5, 2, 10, 0, 5
reelStrip3=2, 4, 20, 5, 7, 22, 3, 4,  8,  3, 17,  0, 7, 3, 16, 0,  3, 7, 2, 1, 10, 4,  0, 21, 4, 1, 6,  2,  15, 1, 7,  5, 1, 6,  4, 1, 7,  10, 3, 13, 4, 7,  2,  0, 8,  4, 14, 6,  4, 1, 12, 2, 1,  6, 0,  4, 19, 2,  1, 5,  3, 18,  4, 1, 2, 5, 12, 4, 1,  9,  3, 5, 0, 4,  7, 3,  1, 2, 7,  0, 4, 1, 3, 0, 9, 5, 1, 3, 4,  8, 3, 4, 1, 7, 10, 3, 4, 1
reelStrip4=4, 3, 20, 4, 0, 22, 3, 5,  9,  2, 5,   0, 3, 18, 0, 5, 10, 3, 5, 6,  2, 0,  16, 5, 0, 6, 2,  15, 7,  5, 21, 1, 0, 10, 4, 6, 3,  13, 8,  2, 0, 8,  4,  3, 14, 4, 1,  12, 2, 6, 1,  5, 3,  2, 19, 5,  0, 9,  2, 17, 0,  3,  5, 0, 6, 2,  3, 5, 7,  2, 17, 0, 3, 5, 10, 1, 17, 3, 0,  2, 9, 0, 2, 1, 5, 0, 6, 3, 0,  5, 6, 2, 0
reelStrip5=5, 1, 21, 3, 1, 10, 4, 5,  20, 0, 2,  17, 1, 4,  7, 18, 1, 4, 8, 1,  4, 19, 1,  4, 6, 1, 8,  5,  16, 2, 1,  9, 5, 15, 1, 0, 10, 1,  14, 3, 8, 0,  4,  13, 3, 6, 2,  12, 4, 7, 2,  1, 10, 5, 3,  13, 0, 6,  2, 1,  4,  5,  7, 4, 0, 6,  1, 3, 4, 10,  2, 3, 8, 0,  4, 5,  9, 2, 3,  1, 4, 7, 1, 4, 7, 3, 1, 4, 5,  9, 2, 3, 5, 1,  3, 6
reelStrip6=
reelStripBonus1=
reelStripBonus2=
reelStripBonus3=
reelStripBonus4=
reelStripBonus5=
reelStripBonus6=