reelStrip1=0,1,8,3,5,4,6,5,8,8,8,7,2,0,9,7,2,6,6,6,3,9,4,4,4,7,9,4,6,5,5,5,8,7,7,7,2,1,3,3,3,0,3,4,6,5,3,9,9,9,2,2,2

reelStrip2=0,1,8,3,5,4,6,5,8,8,8,7,2,0,9,7,2,6,6,6,3,9,10,10,10,4,4,4,7,9,4,6,5,5,5,8,7,7,7,2,1,3,3,3,0,3,4,6,5,3,9,9,9,2,2,2

reelStrip3=0,1,8,3,5,4,6,5,8,8,8,7,2,0,9,7,2,6,6,6,3,9,10,10,10,4,4,4,7,9,4,6,5,5,5,8,7,7,7,2,1,3,3,3,0,3,4,6,5,3,9,9,9,2,2,2

reelStrip4=0,1,8,3,5,4,6,5,8,8,8,7,2,0,9,7,2,6,6,6,3,9,10,10,10,4,4,4,7,9,4,6,5,5,5,8,7,7,7,2,1,3,3,3,0,3,4,6,5,3,9,9,9,2,2,2

reelStrip5=0,1,8,3,5,4,6,5,8,8,8,7,2,0,9,7,2,6,6,6,3,9,4,4,4,7,9,4,6,5,5,5,8,7,7,7,2,1,3,3,3,0,3,4,6,5,3,9,9,9,2,2,2

reelStrip6=
reelStripBonus1=0,1,8,3,5,4,6,5,8,8,8,7,2,0,9,7,2,6,6,6,3,9,4,4,4,7,9,4,6,5,5,5,8,7,7,7,2,1,3,3,3,0,3,4,6,11,11,11,11,11,11,11,11,11,11,11,11,11,11,11,11,11,5,3,9,9,9,2,2,2

reelStripBonus2=0,1,8,3,5,4,6,5,8,8,8,11,11,11,11,11,11,11,11,11,11,11,11,11,11,11,11,11,7,2,0,9,7,2,6,6,6,3,9,4,4,4,7,9,4,6,5,5,5,8,7,7,7,2,1,3,3,3,0,3,4,6,5,3,9,9,9,2,2,2

reelStripBonus3=0,1,8,3,5,4,6,5,8,8,8,7,2,0,9,7,2,11,11,11,11,11,11,11,11,11,11,11,11,11,11,11,11,11,6,6,6,3,9,10,10,10,4,4,4,7,9,4,6,5,5,5,8,7,7,7,2,1,3,3,3,0,3,4,6,5,3,9,9,9,2,2,2

reelStripBonus4=0,1,8,3,5,4,6,5,11,11,11,11,11,11,11,11,11,11,11,11,11,11,11,11,11,8,8,8,7,2,0,9,7,2,6,6,6,3,9,4,4,4,7,9,4,6,5,5,5,8,7,7,7,2,1,3,3,3,0,3,4,6,5,3,9,9,9,2,2,2

reelStripBonus5=0,1,8,3,5,4,6,5,8,8,8,7,2,0,9,7,2,6,6,6,3,9,4,4,4,11,11,11,11,11,11,11,11,11,11,11,11,11,11,11,11,11,11,11,11,11,11,11,11,11,11,11,11,11,11,11,11,11,11,7,9,4,6,5,5,5,8,7,7,7,2,1,3,3,3,0,3,4,6,5,3,9,9,9,2,2,2
reelStripBonus6=