reelStrip1=0,1,5,4,7,6,5,2,3,6,5,1,3,5,7,4,0,2,4,5,6,4,6,2,3,4,5,4,3,3,3,4,4,5,6,1,0,2,4,5,6,4,6,2,3,4,5,4,3,3,3,4,4,5,6,1,2,3,5,2,3,5,6,5,4,3,2,3,5,7,7,7,4,5,6,7,7,2,3,4,5,3,4,6,5,4,0,2,4,5,6,4,6,2,3,4,5,4,3,3,3,4,4,5,6,1,2,3,5
reelStrip2=0,1,5,4,7,6,5,2,3,6,5,1,3,5,7,4,0,2,4,5,6,4,6,2,3,4,5,4,3,3,3,4,4,5,6,1,0,2,4,5,6,4,6,2,3,4,5,4,3,3,3,4,4,5,6,1,2,3,5,2,3,5,6,5,4,3,2,3,5,7,7,7,4,5,6,7,7,2,3,4,5,3,4,6,5,4,0,2,4,5,6,4,6,2,3,4,5,4,3,3,3,4,4,5,6,1,2,3,5
reelStrip3=0,1,5,4,7,6,5,2,3,6,5,1,3,5,7,4,0,2,4,5,6,4,6,2,3,4,5,4,3,3,3,4,4,5,6,1,0,2,4,5,6,4,6,2,3,4,5,4,3,3,3,4,4,5,6,1,2,3,5,2,3,5,6,5,4,3,2,3,5,7,7,7,4,5,6,7,7,2,3,4,5,3,4,6,5,4,0,2,4,5,6,4,6,2,3,4,5,4,3,3,3,4,4,5,6,1,2,3,5
reelStrip4=0,1,5,4,7,6,5,2,3,6,5,1,3,5,7,4,0,2,4,5,6,4,6,2,3,4,5,4,3,3,3,4,4,5,6,1,0,2,4,5,6,4,6,2,3,4,5,4,3,3,3,4,4,5,6,1,2,3,5,2,3,5,6,5,4,3,2,3,5,7,7,7,4,5,6,7,7,2,3,4,5,3,4,6,5,4,0,2,4,5,6,4,6,2,3,4,5,4,3,3,3,4,4,5,6,1,2,3,5
reelStrip5=0,1,5,4,7,6,5,2,3,6,5,1,3,5,7,4,0,2,4,5,6,4,6,2,3,4,5,4,3,3,3,4,4,5,6,1,0,2,4,5,6,4,6,2,3,4,5,4,3,3,3,4,4,5,6,1,2,3,5,2,3,5,6,5,4,3,2,3,5,7,7,7,4,5,6,7,7,2,3,4,5,3,4,6,5,4,0,2,4,5,6,4,6,2,3,4,5,4,3,3,3,4,4,5,6,1,2,3,5
reelStrip6=
reelStripBonus1=
reelStripBonus2=
reelStripBonus3=
reelStripBonus4=
reelStripBonus5=
reelStripBonus6=