reelStrip1=7,1,0,5,5,3,2,9,0,4,7,7,2,3,6,2,4,5,1,2,6,0,2,8,3,1,8,0,3,5,2,0,5,1,2,6,6,1,4,5,1,0,8,2,0,6,4,3,7,0,2
reelStrip2=1,6,6,6,4,1,10,11,12,4,1,8,0,4,9,0,1,5,5,5,2,3,13,14,15,4,0,7,7,7,3,2,5,1,0,7,3,4,6,2,3,6,4,3,7,2
reelStrip3=2,0,5,5,5,4,3,8,2,0,7,7,7,3,2,6,6,6,4,0,5,3,4,13,14,15,1,4,8,0,1,9,2,0,5,1,2,9,0,2,6,2,0,5,5,5,4,3,8,2,0,7,7,7,3,2,6,6,6,4,0,5,3,4,10,11,12,1,4,8,0,1,9,2,0,5,1,2,9,0,2,6
reelStrip4=9,4,3,6,4,3,8,8,4,3,8,2,7,7,3,0,7,3,0,7,7,1,1,2,6,6,6,4,5,2,6,6,2,1,13,14,15,2,0,5,5,5,1,9,4,3,6,4,3,8,8,4,3,8,2,7,7,3,0,7,3,0,7,7,1,1,2,6,6,6,4,5,2,6,6,2,1,10,11,12,2,0,5,5,5,1
reelStrip5=2,7,7,0,6,0,7,3,0,6,1,0,5,2,1,8,0,4,6,6,1,2,8,1,0,9,4,3,5,4,3,5,4,2,5,3,4,5,2,7,7,0,6,1,7,3,0,6,1,0,5,2,8,8,0,4,6,1,0,8,1,0,9,4,3,5,5,3,2,5,4,2,5
reelStrip6=
reelStripBonus1=7,1,0,5,5,3,2,9,0,4,7,7,2,3,6,2,4,5,1,2,6,0,2,8,3,1,8,0,3,5,2,0,5,1,2,6,6,1,4,5,1,0,8,2,0,6,4,3,7,0,2
reelStripBonus2=1,6,6,6,4,1,4,1,8,0,4,9,0,1,5,5,5,2,3,4,0,7,7,7,3,2,5,1,0,7,3,4,6,2,3,6,4,3,7,2
reelStripBonus3=2,0,5,5,5,4,3,8,2,0,7,7,7,3,2,6,6,6,4,0,5,3,4,1,4,8,0,1,9,2,0,5,1,2,9,0,2,6
reelStripBonus4=9,4,3,6,4,3,8,8,4,3,8,2,7,7,3,0,7,3,0,7,7,1,1,2,6,6,6,4,5,2,6,6,2,1,2,0,5,5,5,1
reelStripBonus5=2,7,7,0,6,0,7,3,0,6,1,0,5,2,1,8,0,4,6,6,1,2,8,1,0,9,4,3,5,4,3,5,4,2,5,3,4,5,2,7,7,0,6,1,7,3,0,6,1,0,5,2,8,8,0,4,6,1,0,8,1,0,9,4,3,5,5,3,2,5,4,2,5
reelStripBonus6=