reelStrip1=5, 4, 2, 7,  6, 3, 7, 1, 8, 4, 3, 5, 2, 4,  3, 6, 1, 4, 3, 5, 6, 7, 1, 2, 3, 4, 5, 6, 8, 7, 5, 6, 7, 4, 5, 6, 1, 7, 2, 4, 8, 3, 5, 6,  3, 7, 1, 5, 2, 4, 3, 5, 7, 6,  4, 7, 6, 2, 8, 7, 3
reelStrip2=5, 4, 2, 7,  6, 3, 7, 1, 8, 4, 3, 5, 2, 4,  3, 6, 11, 1, 4, 3, 5, 6, 7, 1, 2, 3, 4, 5, 6, 8, 7, 5, 6, 7, 4, 11, 5, 6, 1, 7, 2, 4, 8, 3, 5, 6, 3, 7, 1, 5, 2, 4, 3, 5, 7, 6, 11,  4, 7, 6, 2, 8, 7, 3
reelStrip3=5, 4, 2, 7,  6, 3, 7, 1, 8, 4, 3, 5, 2,  4, 11,  2, 6, 1, 4, 3, 5, 6, 7, 1, 2, 3, 4, 5, 6, 8, 7, 5, 6, 7, 4, 5, 11, 6, 1, 7, 2, 4, 8, 3, 5, 6, 3, 7, 1, 5, 2, 4, 3, 11, 5, 7, 6,   4, 7, 6, 2, 8, 7, 3
reelStrip4=5, 4, 2, 7,  6, 3, 7, 1, 8, 4, 3, 5, 2, 4,  3, 6, 1, 4, 3, 11, 5, 6, 7, 1, 2, 3, 4, 5, 6, 8, 7, 5, 6, 7, 4, 5, 6, 1, 7, 2, 4, 8, 3, 5, 6, 3, 7, 1, 5, 2, 4, 3, 5, 7, 6,  4, 7, 6, 2, 8, 7, 3
reelStrip5=5, 4, 2, 7,  6, 3, 7,  1, 8, 4, 3, 5, 2, 4,  3, 6, 1, 4, 3, 5, 6, 7, 1, 2, 3, 4, 5, 6, 8, 7, 5, 6, 7, 4, 5, 6, 1, 7, 2, 4, 8, 3, 5, 6, 3, 7, 1, 5,  2, 4, 3, 5, 7, 6,  4, 7, 6, 2, 8, 7, 3
reelStrip6=
reelStripBonus1=5, 4, 2, 7,  6, 3, 7, 1, 8, 4, 3, 5, 2, 4,  2, 6, 1, 4, 3, 5, 6, 7, 1, 2, 3, 4, 5, 6, 8, 7, 5, 6, 7, 4, 5, 6, 1, 7, 2, 4, 8, 3, 5, 6, 3, 7, 1, 5, 2, 4, 3, 5, 7, 6,  4, 7, 6, 2, 8, 7, 3
reelStripBonus2=5, 4, 2, 7,  6, 3, 7, 1, 8, 4, 3, 5, 2, 4,  2, 6, 1, 4, 3, 5, 6, 7, 1, 2, 3, 4, 5, 6, 8, 7, 5, 6, 7, 4, 5, 6, 1, 7, 2, 4, 8, 3, 5, 6, 3, 7, 1, 5, 2, 4, 3, 5, 7, 6,  4, 7, 6, 2, 8, 7, 3
reelStripBonus3=5, 4, 2, 7,  6, 3, 7, 1, 8, 4, 3, 5, 2, 4,  2, 6, 1, 4, 3, 5, 6, 7, 1, 2, 3, 4, 5, 6, 8, 7, 5, 6, 7, 4, 5, 6, 1, 7, 2, 4, 8, 3, 5, 6, 3, 7, 1, 5, 2, 4, 3, 5, 7, 6,  4, 7, 6, 2, 8, 7, 3
reelStripBonus4=5, 4, 2, 7,  6, 3, 7, 1, 8, 4, 3, 5, 2, 4,  2, 6, 1, 4, 3, 5, 6, 7, 1, 2, 3, 4, 5, 6, 8, 7, 5, 6, 7, 4, 5, 6, 1, 7, 2, 4, 8, 3, 5, 6, 3, 7, 1, 5, 2, 4, 3, 5, 7, 6,  4, 7, 6, 2, 8, 7, 3
reelStripBonus5=5, 4, 2, 7,  6, 3, 7, 1, 8, 4, 3, 5, 2, 4,  2, 6, 1, 4, 3, 5, 6, 7, 1, 2, 3, 4, 5, 6, 8, 7, 5, 6, 7, 4, 5, 6, 1, 7, 2, 4, 8, 3, 5, 6, 3, 7, 1, 5, 2, 4, 3, 5, 7, 6,  4, 7, 6, 2, 8, 7, 3
reelStripBonus6=