reelStrip1=12,8,10,9,11,7,8,0,5,9,10,12,11,3,6,5,9,10,12,11,4,0,3,7,9,4,7,3,9,8,10,11,5,7,12,9,6,8,10,5,3,8,9,12,3,7,8,11,3,5,9,0,4,6,3,8,7,11,7,8,0,5,9,10,12,11,3,6,5,9,10,12,11,4,0,3,7,9,9,10,12,11,4,0,3,8,7,9,4,7,3,9,8,10,11,5,7,12,9,6,8,10,5,3,8,9,12,3,4,7,3,9,8,10,11,5,7,12,9,6,8,10,5,3,8,9,12,3,7,8,11,3,5,9,9,6,4,5
reelStrip2=12,8,10,9,11,7,8,0,1,5,9,10,12,11,3,6,5,9,10,12,11,4,0,3,8,7,9,4,7,3,9,8,10,11,5,7,12,9,6,8,10,5,3,8,9,12,3,7,8,11,3,5,9,0,4,6,3,8,7,9,6,4,5,11,7,8,0,9,10,12,11,4,0,3,8,7,9,4,7,3,9,8,10,11,5,7,12,9,6,8,10,5,3,8,9,12,3,10,5,9,10,12,11,3,6,5,9,10,12,11,4,0,3,5,7,9,4,7,3,9,8,10,11,5,7,12,9,6,8,10,5,3,8,9,12,3,7,8,11,3,5,9
reelStrip3=12,8,10,9,11,7,8,0,9,10,12,11,4,0,3,8,7,9,4,7,3,9,8,10,11,5,7,12,9,6,8,10,5,3,8,9,12,3,11,7,8,0,4,5,9,10,12,11,3,6,5,9,10,12,11,4,0,3,5,7,9,4,7,3,9,8,10,11,5,7,12,9,6,8,10,5,3,8,9,12,3,7,8,11,3,5,9,1,5,9,10,12,11,3,6,5,9,10,12,11,4,0,3,11,7,9,4,7,3,9,8,10,11,5,7,12,9,6,8,10,5,3,8,9,12,3,7,8,11,3,5,9,0,4,6,3,8,7,9,6,4,5
reelStrip4=12,8,10,9,11,7,8,0,5,9,10,12,11,3,6,5,9,10,12,11,4,0,3,12,7,9,4,7,3,9,8,10,11,5,7,12,9,11,7,8,0,3,5,9,10,12,11,3,6,5,9,10,12,11,4,0,3,1,7,9,9,10,12,11,4,0,3,8,7,9,4,7,3,9,8,10,11,5,7,12,9,6,8,10,5,3,8,9,12,3,4,7,3,9,8,10,11,5,7,12,9,6,8,10,5,3,8,9,12,3,7,8,11,3,5,9,6,8,10,5,3,8,9,12,3,7,8,11,3,5,9,0,4,6,3,8,7,9,6,4,5
reelStrip5=12,8,10,9,11,7,8,0,5,9,10,12,11,2,3,6,5,9,10,12,11,4,0,3,1,7,9,4,7,3,9,8,10,11,5,7,12,9,6,8,10,5,3,9,10,12,11,4,0,3,8,7,9,4,7,3,9,8,10,11,5,7,12,9,6,8,10,5,3,8,9,12,3,8,9,12,3,7,8,11,3,5,9,0,11,7,8,0,4,5,9,10,12,11,3,6,5,9,10,12,11,2,4,0,3,8,7,9,4,7,3,9,8,10,11,5,7,12,9,6,8,10,5,3,8,9,12,3,7,8,11,3,5,9,4,6,3,8,7,9,6,4,5
reelStrip6=
reelStripBonus1=12,8,10,9,11,7,8,5,9,10,12,11,3,6,5,9,10,12,11,4,3,7,9,4,7,3,9,8,10,11,5,7,12,9,6,8,10,5,3,8,9,12,3,7,8,11,3,5,9,4,6,3,8,7,11,7,8,5,9,10,12,11,3,6,5,9,10,12,11,4,3,7,9,4,7,3,9,8,10,11,5,7,12,9,6,8,10,5,9,10,12,11,4,0,3,8,7,9,4,7,3,9,8,10,11,5,7,12,9,6,8,10,5,3,8,9,12,3,3,8,9,12,3,7,8,11,3,5,9,9,6,4,5
reelStripBonus2=12,8,10,9,11,7,8,5,9,10,12,11,3,6,5,9,10,12,11,4,3,7,9,4,7,3,9,8,10,11,5,7,12,9,6,8,10,5,3,8,9,12,3,7,8,11,3,5,9,4,6,3,8,7,9,6,4,5,11,7,8,5,9,10,12,11,3,6,5,9,10,12,11,4,3,7,9,4,7,3,9,8,10,11,5,7,12,9,6,8,10,5,3,8,9,12,3,7,8,11,3,5,9
reelStripBonus3=12,8,10,9,11,7,8,11,7,8,5,9,10,12,11,3,6,5,9,10,12,11,4,3,7,9,4,7,3,9,8,10,11,5,7,12,9,6,8,10,5,3,8,9,12,3,7,8,11,3,9,10,12,11,4,0,3,8,7,9,4,7,3,9,8,10,11,5,7,12,9,6,8,10,5,3,8,9,12,3,5,9,5,9,10,12,11,3,6,5,9,10,12,11,4,3,7,9,4,7,3,9,8,10,11,5,7,12,9,6,8,10,5,3,8,9,12,3,7,8,11,3,5,9,4,6,3,8,7,9,6,4,5
reelStripBonus4=12,8,10,9,11,7,8,5,9,10,12,11,3,6,5,9,10,12,11,4,3,7,9,4,7,3,9,8,10,11,5,7,12,9,11,7,8,5,9,10,12,9,10,12,11,4,0,3,8,7,9,4,7,3,9,8,10,11,5,7,12,9,6,8,10,5,3,8,9,12,3,11,3,6,5,9,10,12,11,4,3,7,9,4,7,3,9,8,10,11,5,7,12,9,6,8,10,5,3,8,9,12,3,7,8,11,3,5,9,6,8,10,5,3,8,9,12,3,7,8,11,3,5,9,4,6,3,8,7,9,6,4,5
reelStripBonus5=12,8,10,9,11,7,8,5,9,10,12,11,4,0,3,8,7,9,4,7,3,9,8,10,11,5,7,12,9,6,8,10,5,3,8,9,12,3,9,10,12,11,3,6,5,9,10,12,11,4,3,7,9,4,7,3,9,8,10,11,5,7,12,9,6,8,10,5,3,8,9,12,3,7,8,11,3,5,9,11,7,8,5,9,10,12,11,3,6,5,9,10,12,11,4,3,7,9,4,7,3,9,8,10,11,5,7,12,9,6,8,10,5,3,8,9,12,3,7,8,11,3,5,9,4,6,3,8,7,9,6,4,5
reelStripBonus6=