reelStrip1=5, 4, 2, 7,  6, 3, 7, 10, 1, 8, 4, 3, 5, 2, 4,  2, 6, 1, 4, 3, 5, 6, 7, 1, 2, 3, 4, 5, 6, 8, 7, 5, 6, 7, 4, 5, 6, 1, 7, 2, 4, 8, 3, 5, 6, 10, 3, 7, 1, 5, 2, 4, 3, 5, 7, 6,  4, 7, 6, 2, 8, 7, 3, 1, 2, 3, 4, 5, 6, 8, 7, 5, 6, 7, 4, 5, 6, 1, 7, 2, 4, 8, 3, 5, 6, 3, 7, 1, 5, 10, 2, 4, 3, 5, 7, 6,  4, 7, 6, 2, 8, 7, 3
reelStrip2=5, 4, 2, 7,  6, 3, 7, 1, 8, 4, 3, 5, 2, 4,  2, 6, 1, 4, 3, 5, 6, 7, 1, 2, 3, 4, 5, 6, 2, 4, 8, 3, 5, 6, 3, 7, 1, 8, 7, 5, 6, 7, 4, 5, 6, 1, 7, 2, 4, 8, 3, 5, 6, 3, 7, 1, 5, 2, 4, 3, 5, 7, 6,  4, 7, 6, 2, 8, 7, 2, 4, 8, 3, 5, 6, 3, 7, 1, 3, 7, 1, 8, 4, 3, 5, 2, 4,  2, 6, 1, 4, 3, 5, 6, 7, 1, 2, 3, 4, 5, 6, 8, 7, 5, 6, 7, 4, 5, 6, 1, 7, 2, 4, 8, 3, 5, 6, 3, 7, 1, 5, 2, 4, 3, 5, 7, 6,  4, 7, 6, 2, 8, 7, 3
reelStrip3=5, 4, 2, 7,  6, 3, 7, 1, 8, 4, 3, 5, 2, 10, 4,  2, 6, 1, 2, 3, 4, 5, 6, 8, 7, 5, 6, 7, 2, 4, 8, 3, 5, 6, 3, 7, 1, 4, 5, 6, 1, 7, 2, 4, 8, 3, 5, 6, 3, 7, 9,9,9,1, 5, 10, 2, 4, 3, 5, 7, 6,  4, 7, 6, 2, 8, 7, 3, 1, 4, 3, 5, 6, 7, 1, 2, 3, 4, 5, 6, 8, 7, 5, 6, 7, 4, 5, 6, 1, 7, 2, 4, 8, 9,9,9,3, 5, 6, 3, 7, 1, 5, 2, 4, 3, 5, 7, 6,  10, 4, 7, 6, 2, 8, 7, 3
reelStrip4=5, 4, 2, 7,  6, 3, 7, 1, 8, 4, 3, 5, 2, 4,  2, 6, 1, 4, 3, 5, 6, 7, 1, 2, 3, 4, 5, 6, 8, 7, 5, 6, 7, 4, 5, 6, 1, 7, 2, 4, 8, 3, 5, 6, 3, 7, 1, 5, 2, 4, 3, 5, 7, 6,  4, 7, 6, 2, 8, 7, 3, 3, 5, 6, 7, 1, 2, 3, 4, 5, 6, 8, 7, 5, 6, 7, 4, 5, 6, 1, 7, 2, 4, 8, 3, 5, 6, 3, 7, 1, 5, 2, 4, 3, 5, 7, 6,  4, 7, 6, 2, 8, 7, 3, 3, 5, 6, 7, 1, 2, 3, 4, 5, 6, 8, 7, 5, 6, 7, 4, 5, 6, 1, 7, 2, 4, 8, 3, 5, 6, 3, 7, 1, 5, 2, 4, 3, 5, 7, 6,  4, 7, 6, 2, 8, 7, 3
reelStrip5=5, 4, 2, 7,  6, 3, 7, 10, 1, 8, 4, 3, 5, 2, 4,  2, 6, 1, 4, 3, 5, 6, 7, 1, 2, 3, 4, 5, 6, 8, 7, 5, 6, 7, 4, 5, 6, 1, 7, 2, 4, 8, 3, 5, 6, 3, 7, 9,9,9,1, 5, 10, 2, 4, 3, 5, 7, 6,  4, 7, 6, 2, 8, 7, 3, 1, 2, 3, 4, 5, 6, 8, 7, 5, 6, 7, 4, 5, 6, 1, 7, 2, 4, 8, 3, 5, 6, 3, 7, 9,9,9,1, 5, 10, 2, 4, 3, 5, 7, 6,  4, 7, 6, 2, 8, 7, 3
reelStrip6=
reelStripBonus1=5, 4, 2, 7,  6, 3, 7, 1, 8, 4, 3, 5, 2, 4,  2, 6, 1, 4, 3, 5, 6, 7, 1, 2, 3, 4, 5, 6, 8, 7, 5, 6, 7, 4, 5, 6, 1, 7, 2, 4, 8, 3, 5, 6, 3, 7, 1, 5, 2, 4, 3, 5, 7, 6,  4, 7, 6, 2, 8, 7, 3, 3, 5, 6, 7, 1, 2, 3, 4, 5, 6, 8, 7, 5, 6, 7, 4, 5, 6, 1, 7, 2, 4, 8, 3, 5, 6, 3, 7, 1, 5, 2, 4, 3, 5, 7, 6,  4, 7, 6, 2, 8, 7, 3, 3, 5, 6, 7, 1, 2, 3, 4, 5, 6, 8, 7, 5, 6, 7, 4, 5, 6, 1, 7, 2, 4, 8, 3, 5, 6, 3, 7, 1, 5, 2, 4, 3, 5, 7, 6,  4, 7, 6, 2, 8, 7, 3
reelStripBonus2=5, 4, 2, 7,  6, 3, 7, 1, 8, 4, 3, 5, 2, 4,  2, 6, 1, 4, 3, 5, 6, 7, 1, 2, 3, 4, 5, 6, 8, 7, 5, 6, 7, 4, 5, 6, 1, 7, 2, 4, 8, 3, 5, 6, 3, 7, 1, 5, 2, 4, 3, 5, 7, 6,  4, 7, 6, 2, 8, 7, 3, 3, 5, 6, 7, 1, 2, 3, 4, 5, 6, 8, 7, 5, 6, 7, 4, 5, 6, 1, 7, 2, 4, 8, 3, 5, 6, 3, 7, 1, 5, 2, 4, 3, 5, 7, 6,  4, 7, 6, 2, 8, 7, 3, 3, 5, 6, 7, 1, 2, 3, 4, 5, 6, 8, 7, 5, 6, 7, 4, 5, 6, 1, 7, 2, 4, 8, 3, 5, 6, 3, 7, 1, 5, 2, 4, 3, 5, 7, 6,  4, 7, 6, 2, 8, 7, 3
reelStripBonus3=5, 4, 2, 7,  6, 3, 7, 1, 8, 4, 3, 5, 2, 4,  2, 6, 1, 9,9,9,4, 3, 5, 6, 7, 1, 2, 3, 4, 5, 6, 8, 7, 5, 6, 7, 4, 5, 6, 1, 7, 2, 4, 8, 3, 5, 6, 3, 7, 1, 5, 2, 4, 3, 5, 7, 6,  4, 7, 6, 2, 8, 7, 3, 3, 5, 6, 7, 1, 2, 3, 4, 5, 6, 8, 7, 5, 6, 7, 4, 5, 6, 1, 7, 2, 4, 8, 3, 5, 6, 3, 7, 1, 5, 2, 4, 3, 5, 7, 6,  4, 7, 6, 2, 8, 7, 3, 3, 5, 6, 7, 1, 2, 3, 4, 5, 6, 8, 7, 5, 6, 7, 4, 5, 6, 1, 7, 2, 4, 8, 3, 5, 6, 3, 7, 1, 5, 2, 4, 3, 5, 7, 6,  4, 7, 6, 2, 8, 7, 3
reelStripBonus4=5, 4, 2, 7,  6, 3, 7, 1, 8, 4, 3, 5, 2, 4,  2, 6, 1, 9,9,9,4, 3, 5, 6, 7, 1, 2, 3, 4, 5, 6, 8, 7, 5, 6, 7, 4, 5, 6, 1, 7, 2, 4, 8, 3, 5, 6, 3, 7, 1, 5, 2, 4, 3, 5, 7, 6,  4, 7, 6, 2, 8, 7, 3, 3, 5, 6, 7, 1, 2, 3, 4, 5, 6, 8, 7, 5, 6, 7, 4, 5, 6, 1, 7, 2, 4, 8, 3, 5, 6, 3, 7, 1, 5, 2, 4, 3, 5, 7, 6,  4, 7, 6, 2, 8, 7, 3, 3, 5, 6, 7, 1, 2, 3, 4, 5, 6, 8, 7, 5, 6, 7, 4, 5, 6, 1, 7, 2, 4, 8, 3, 5, 6, 3, 7, 1, 5, 2, 4, 3, 5, 7, 6,  4, 7, 6, 2, 8, 7, 3
reelStripBonus5=5, 4, 2, 7,  6, 3, 7, 1, 8, 4, 3, 5, 2, 4,  2, 6, 1, 9,9,9,4, 3, 5, 6, 7, 1, 2, 3, 4, 5, 6, 8, 7, 5, 6, 7, 4, 5, 6, 1, 7, 2, 4, 8, 3, 5, 6, 3, 7, 1, 5, 2, 4, 3, 5, 7, 6,  4, 7, 6, 2, 8, 7, 3, 3, 5, 6, 7, 1, 2, 3, 4, 5, 6, 8, 7, 5, 6, 7, 4, 5, 6, 1, 7, 2, 4, 8, 3, 5, 6, 3, 7, 1, 5, 2, 4, 3, 5, 7, 6,  4, 7, 6, 2, 8, 7, 3, 3, 5, 6, 7, 1, 2, 3, 4, 5, 6, 8, 7, 5, 6, 7, 4, 5, 6, 1, 7, 2, 4, 8, 3, 5, 6, 3, 7, 1, 5, 2, 4, 3, 5, 7, 6,  4, 7, 6, 2, 8, 7, 3
reelStripBonus6=