reelStrip1=2,4,1,3,1,2,5,4,0,2,7,6,3,7,2,5,4,2,7,0,6,3,7,5,3,1,5,3,6,1,2,5,4,2,7,6,3,9,7,2,4,1,6,8,4,2,1,6,4,9,1,0,2,5,1,4,2,7,6,3,7,2,3
reelStrip2=2,4,8,1,3,1,2,5,4,9,2,7,6,3,7,2,5,4,2,7,0,6,3,7,5,3,1,5,3,6,1,2,5,4,2,7,6,3,0,7,2,4,1,6,4,8,2,1,6,4,1,8,2,5,1,4,2,7,6,3,7,2,3
reelStrip3=2,4,1,9,3,1,2,5,4,0,2,7,6,3,7,2,5,4,2,7,9,6,3,7,5,8,3,1,5,3,6,1,2,5,4,2,7,6,3,0,7,2,4,1,6,4,2,1,6,4,1,9,2,5,1,4,2,7,6,3,7,2,3
reelStrip4=2,4,1,3,1,2,5,4,8,2,7,6,3,7,2,5,4,2,7,9,6,3,7,5,3,1,5,3,6,1,2,5,4,2,7,6,3,0,7,2,4,1,6,4,2,1,6,4,1,0,2,5,1,4,8,2,7,6,3,7,2,3
reelStrip5=2,4,1,3,1,2,5,4,0,2,7,6,3,7,8,2,5,4,2,7,8,6,3,7,5,3,1,5,3,6,1,2,5,4,2,7,6,3,9,7,2,4,1,6,4,2,1,6,4,1,0,2,5,1,4,2,7,6,3,7,2,3
reelStrip6=
reelStripBonus1=2,4,1,6,1,2,5,4,2,7,6,3,7,2,5,4,2,7,6,3,7,5,3,1,5,3,6,1,2,5,4,2,1,9,3,1,2,5,4,1,2,7,6,3,7,2,5,4,2,7,9,6,3,7,5,8,3,1,5,3,6,1,2,5,4,2,7,6,3,1,7,2,4,1,6,4,2,1,6,4,1,9,2,5,1,4,2,7,6,3,7,2,3,7,6,3,7,2,4,2,6,4,2,1,6,4,1,3,2,5,3,4,2,7,6,3,7,2,3
reelStripBonus2=2,4,1,6,1,2,5,4,2,7,6,3,7,2,5,4,2,7,6,3,7,5,3,1,5,3,6,1,2,5,4,2,1,9,3,1,2,5,4,1,2,7,6,3,7,2,5,4,2,7,9,6,3,7,5,8,3,1,5,3,6,1,2,5,4,2,7,6,3,1,7,2,4,1,6,4,2,1,6,4,1,9,2,5,1,4,2,7,6,3,7,2,3,7,6,3,7,2,4,2,6,4,2,1,6,4,1,3,2,5,3,4,2,7,6,3,7,2,3
reelStripBonus3=2,4,1,6,1,2,5,4,2,7,6,3,7,2,5,4,2,10,7,6,3,7,5,3,1,5,3,6,1,2,5,4,2,1,9,3,1,2,5,4,1,2,7,6,3,7,2,5,4,2,7,9,6,3,7,5,8,3,1,5,3,6,10,1,2,5,4,2,7,6,3,1,7,2,4,1,6,4,2,1,6,4,1,9,2,5,1,4,2,7,6,3,7,2,3,7,6,3,7,2,4,10,2,6,4,2,1,6,4,1,3,2,5,3,4,2,7,6,3,7,2,3
reelStripBonus4=2,4,1,6,1,2,5,4,2,7,6,3,7,2,5,4,2,7,6,3,7,5,3,1,5,3,6,1,2,5,4,2,1,9,3,1,2,5,4,1,2,7,6,3,7,2,5,4,2,7,9,6,3,7,5,8,3,1,5,3,6,1,2,5,4,2,7,6,3,1,7,2,4,1,6,4,2,1,6,4,1,9,2,5,1,4,2,7,6,3,7,2,3,7,6,3,7,2,4,2,6,4,2,1,6,4,1,3,2,5,3,4,2,7,6,3,7,2,3
reelStripBonus5=2,4,1,6,1,2,5,4,2,7,6,3,7,2,5,4,2,7,6,3,7,5,3,1,5,3,6,1,2,5,4,2,1,9,3,1,2,5,4,1,2,7,6,3,7,2,5,4,2,7,9,6,3,7,5,8,3,1,5,3,6,1,2,5,4,2,7,6,3,1,7,2,4,1,6,4,2,1,6,4,1,9,2,5,1,4,2,7,6,3,7,2,3,7,6,3,7,2,4,2,6,4,2,1,6,4,1,3,2,5,3,4,2,7,6,3,7,2,3
reelStripBonus6=