reelStrip1=0,1,2,3,4,5,6,1,2,7,0,1,8,2,3,4,5,6,0,1,2,3,4,1,2,7,0,1,2,4,5,6,7,3,4,5,6,7,9,0,1,2,0,1,2,3,3,4,1,2,1,2,7,0,1,2,3,4,5,6,0,1,2,3,4,1,2,7,0,1,2,4,5,6,7,3,4
reelStrip2=0,1,2,3,4,5,6,1,2,7,0,1,2,3,4,5,6,0,5,1,2,3,4,1,2,7,0,1,2,4,5,6,7,3,4,5,6,7,0,1,2,0,8,1,2,3,3,4,1,2,1,2,7,0,1,2,3,7,4,5,6,0,1,2,3,4,1,2,7,0,1,2,4,5,6,7,3,4
reelStrip3=0,1,2,3,4,5,6,1,2,7,0,1,2,3,8,4,5,6,0,1,2,3,4,9,1,2,7,0,1,2,4,5,6,7,3,4,5,6,7,0,1,2,0,1,2,3,3,4,1,2,1,2,7,0,1,2,3,4,5,6,0,1,2,3,4,1,2,7,0,1,2,4,5,6,7,3,4
reelStrip4=0,1,2,3,4,5,6,1,2,7,0,1,2,3,4,5,6,0,1,2,3,4,1,2,7,0,1,2,4,5,6,7,3,4,5,6,7,0,1,2,0,1,2,3,3,4,1,2,1,2,4,7,0,1,2,3,4,8,5,6,0,1,2,3,4,1,2,7,0,1,2,4,5,6,7,3,4
reelStrip5=0,1,2,3,4,5,6,1,2,7,0,1,2,3,4,5,9,6,0,1,2,3,4,1,2,7,8,0,1,2,4,5,6,7,3,4,5,6,7,0,1,2,0,1,2,3,3,4,1,2,1,2,7,0,1,2,3,4,5,6,8,0,1,2,3,4,1,2,7,0,1,2,4,5,6,7,3,4
reelStrip6=
reelStripBonus1=0,1,2,3,4,5,6,1,2,7,0,1,8,2,3,4,5,6,0,1,2,1,2,3,4,5,6,0,1,2,3,4,1,2,7,0,1,2,4,5,6,7,3,4,5,6,7,0,1,2,0,1,2,3,3,4,3,4,1,2,7,0,1,2,4,5,6,7,3,4,5,6,7,0,1,2,0,1,2,3,3,4,1,2,1,2,7,0,1,2,3,4,5,6,0,1,2,3,4,1,2,7,0,1,2,4,5,6,7,3,4
reelStripBonus2=0,1,2,3,4,5,6,1,2,7,0,1,8,2,3,4,5,6,0,1,2,1,2,3,4,5,6,0,1,2,3,4,1,2,7,0,1,2,4,5,6,7,3,4,5,6,7,0,1,2,0,1,2,3,3,4,3,4,1,2,7,0,1,2,4,5,6,7,3,4,5,6,7,0,1,2,0,1,2,3,3,4,1,2,1,2,7,0,1,2,3,4,5,6,0,1,2,3,4,1,2,7,0,1,2,4,5,6,7,3,4
reelStripBonus3=0,1,2,3,4,5,6,1,2,7,0,1,8,2,3,4,5,6,0,1,2,1,2,3,4,5,6,0,1,2,3,4,1,2,7,0,1,2,4,5,6,7,3,4,5,6,7,0,1,2,0,1,2,3,3,4,3,4,1,2,7,0,1,2,4,5,6,7,3,4,5,6,7,0,1,2,0,1,2,3,3,4,1,2,1,2,7,0,1,2,3,4,5,6,0,1,2,3,4,1,2,7,0,1,2,4,5,6,7,3,4
reelStripBonus4=0,1,2,3,4,5,6,1,2,7,0,1,8,2,3,4,5,6,0,1,2,1,2,3,4,5,6,0,1,2,3,4,1,2,7,0,1,2,4,5,6,7,3,4,5,6,7,0,1,2,0,1,2,3,3,4,3,4,1,2,7,0,1,2,4,5,6,7,3,4,5,6,7,0,1,2,0,1,2,3,3,4,1,2,1,2,7,0,1,2,3,4,5,6,0,1,2,3,4,1,2,7,0,1,2,4,5,6,7,3,4
reelStripBonus5=0,1,2,3,4,5,6,1,2,7,0,1,8,2,3,4,5,6,0,1,2,1,2,3,4,5,6,0,1,2,3,4,1,2,7,0,1,2,4,5,6,7,3,4,5,6,7,0,1,2,0,1,2,3,3,4,3,4,1,2,7,0,1,2,4,5,6,7,3,4,5,6,7,0,1,2,0,1,2,3,3,4,1,2,1,2,7,0,1,2,3,4,5,6,0,1,2,3,4,1,2,7,0,1,2,4,5,6,7,3,4
reelStripBonus6=0,1,2,3,4,5,6,1,2,7,0,1,8,2,3,4,5,6,0,1,2,1,2,3,4,5,6,0,1,2,3,4,1,2,7,0,1,2,4,5,6,7,3,4,5,6,7,0,1,2,0,1,2,3,3,4,3,4,1,2,7,0,1,2,4,5,6,7,3,4,5,6,7,0,1,2,0,1,2,3,3,4,1,2,1,2,7,0,1,2,3,4,5,6,0,1,2,3,4,1,2,7,0,1,2,4,5,6,7,3,4