reelStrip1=0,1,2,3,4,5,6,1,2,7,8,0,1,10,2,3,4,5,6,0,1,2,9,3,4,1,2,7,8,0,1,2,4,5,6,7,8,3,4,5,6,7,8,11,0,1,2,0,1,2,3,9,4,1,2,1,2,7,8,0,1,2,3,4,5,6,0,1,2,3,4,1,2,9,7,8,0,1,2,4,5,6,7,8,3,4,0,1,10,2,3,4,5,6,0,1,2,9,3,4,1,2,7,8,0,1,2,4,5,6,7,8,3,4
reelStrip2=0,1,2,3,4,5,6,1,2,7,8,0,1,2,3,4,5,6,0,9,1,2,3,4,1,2,7,8,0,1,2,4,5,6,7,8,3,4,5,6,7,8,9,0,1,2,0,10,1,2,3,3,4,1,2,1,2,7,8,0,1,2,3,4,5,6,9,0,1,2,3,4,1,2,7,8,0,1,2,4,5,6,7,9,8,3,4,0,1,10,2,3,4,5,6,0,1,2,9,3,4,1,2,7,8,0,1,2,4,5,6,7,8,3,4
reelStrip3=0,1,2,3,4,5,6,1,2,7,8,0,1,2,3,10,4,5,6,0,1,2,3,4,11,1,2,7,8,0,1,2,4,9,5,6,7,8,3,4,5,6,7,8,0,1,2,0,1,2,3,3,4,1,2,1,2,7,8,0,1,2,9,3,4,5,6,9,0,1,2,3,4,1,2,7,8,0,1,2,4,5,6,7,8,3,4,0,1,10,2,3,4,5,6,0,1,2,9,3,4,1,2,7,8,0,1,2,4,5,6,7,8,3,4
reelStrip4=0,1,2,3,4,5,6,1,2,7,8,0,1,2,3,4,5,6,0,9,1,2,3,9,4,1,2,7,8,0,1,2,4,5,6,7,8,3,4,5,6,7,8,0,1,2,0,1,2,3,3,4,1,2,1,2,7,8,0,1,2,3,4,10,5,9,6,0,1,2,3,4,1,2,7,8,0,1,2,4,5,6,7,8,3,4,0,1,10,2,3,4,5,6,0,1,2,9,3,4,1,2,7,8,0,1,2,4,5,6,7,8,3,4
reelStrip5=0,1,2,3,4,5,6,1,2,7,8,0,1,2,3,4,5,11,6,0,1,2,9,3,4,1,2,7,8,10,0,1,2,4,5,6,7,8,3,4,5,6,7,8,0,1,2,0,1,2,3,3,4,1,2,1,2,7,8,0,1,2,3,4,5,6,9,10,0,1,2,3,4,1,2,9,7,8,0,1,2,4,5,6,9,7,8,3,4
reelStrip6=
reelStripBonus1=0,1,2,3,4,5,6,1,2,7,8,9,0,1,10,2,3,4,5,6,0,1,2,1,2,3,4,5,6,0,1,2,3,4,1,2,7,8,0,1,2,4,5,6,7,8,3,4,5,6,7,8,0,1,2,0,1,2,3,3,4,3,4,1,2,7,8,0,1,2,4,5,6,7,8,3,4,5,6,7,8,0,1,2,0,1,2,3,3,4,1,2,1,2,7,8,0,1,2,3,4,5,6,0,1,2,3,4,1,2,9,7,8,0,1,2,4,5,6,7,8,3,4
reelStripBonus2=0,1,2,3,4,5,6,1,2,7,8,0,1,10,2,3,9,4,5,6,0,1,2,1,2,3,4,5,9,6,0,1,2,3,4,1,2,7,8,0,1,2,4,5,6,7,8,3,4,5,6,7,8,0,1,2,0,1,2,3,3,4,3,4,1,2,7,8,0,1,2,4,5,6,7,8,3,4,5,6,7,8,0,1,2,0,1,2,3,3,4,1,2,1,2,7,8,0,1,2,3,4,5,6,9,0,1,2,3,4,1,2,7,8,0,1,2,4,5,6,7,8,3,4
reelStripBonus3=0,1,2,3,4,5,6,1,2,7,8,0,1,10,2,3,4,5,6,0,1,2,1,2,3,4,5,6,0,1,2,3,4,1,2,7,8,0,1,2,4,5,6,7,8,3,4,5,6,7,8,0,1,2,0,1,2,3,3,4,3,4,1,2,7,8,0,1,2,4,5,6,7,8,3,4,5,6,7,8,0,1,2,0,1,2,3,3,4,1,2,1,2,7,8,0,1,2,3,4,5,6,0,1,2,3,4,1,2,9,7,8,0,1,2,4,5,6,7,8,3,4
reelStripBonus4=0,1,2,3,4,5,6,1,2,7,8,0,1,10,2,3,4,5,6,0,1,2,1,2,3,4,5,6,0,1,2,3,4,1,2,7,8,0,1,2,4,5,6,7,8,3,4,5,6,7,8,0,1,2,0,1,2,3,3,4,3,4,1,2,7,8,0,1,2,4,5,6,7,8,3,4,5,6,7,8,0,1,2,0,1,2,3,3,4,1,2,1,2,7,8,0,1,2,3,4,5,6,0,1,2,3,4,9,1,2,7,8,0,1,2,4,5,6,7,8,3,4
reelStripBonus5=0,1,2,3,4,5,6,1,2,7,8,0,1,10,2,3,4,5,6,0,1,2,1,2,3,4,5,6,0,1,2,3,4,1,2,9,7,8,0,1,2,4,5,6,7,8,3,4,5,6,7,8,0,1,2,0,1,2,3,3,4,3,4,1,2,7,8,0,1,2,4,5,6,7,8,3,4,5,6,7,8,0,1,2,0,1,2,3,3,4,1,2,1,2,7,8,0,1,2,3,4,9,5,6,0,1,2,3,4,1,2,7,8,0,1,2,4,5,6,7,8,3,4
reelStripBonus6=