reelStrip1=8,8,3,0,5,10,6,2,1,7,0,6,4,8,4,7,10,2,2,6,9,3,4,8,9,5,10,5,7,11,9,6,9,5,10,5,9,10,10,6,8,3,9,7,7,1
reelStrip2=4,10,9,0,10,9,10,6,2,4,0,6,8,6,3,9,10,5,2,2,6,10,4,8,7,7,8,1,11,5,3,9,9,8,6,7,11,10,8,4,7,7,3,1,7,1,9
reelStrip3=8,3,9,0,1,6,7,9,1,7,0,5,10,7,2,6,2,1,3,9,3,7,6,8,8,4,4,3,5,11,10,9,5,9,7,4,5,8,11,6,1,2,5,10,5,2,8
reelStrip4=10,8,2,0,6,7,2,1,4,8,0,7,1,8,4,2,6,3,6,8,1,3,0,5,1,7,3,6,7,11,8,9,3,8,4,6,8,11,6,7,7,5
reelStrip5=2,6,6,0,2,10,6,7,1,3,0,2,7,1,4,8,9,5,3,8,4,6,0,8,1,5,10,2,1,11,4,7,8,0,7,1,3,9,4,3,8,7,5,1,6
reelStrip6=
reelStripBonus1=8,8,3,0,5,10,6,2,1,7,0,6,4,8,4,7,10,2,2,6,9,3,4,8,9,5,10,5,7,11,9,6,9,5,10,5,9,10,10,6,8,3,9,7,7,1
reelStripBonus2=4,10,9,0,10,9,10,6,2,4,0,6,8,6,3,9,10,5,2,2,6,10,4,8,7,7,8,1,11,5,3,9,9,8,6,7,11,10,8,4,7,7,3,1,7,1,9
reelStripBonus3=8,3,9,0,1,6,7,9,1,7,0,5,10,7,2,6,2,1,3,9,3,7,6,8,8,4,4,3,5,11,10,9,5,9,7,4,5,8,11,6,1,2,5,10,5,2,8
reelStripBonus4=10,8,2,0,6,7,2,1,4,8,0,7,1,8,4,2,6,3,6,8,1,3,0,5,1,7,3,6,7,11,8,9,3,8,4,6,8,11,6,7,7,5
reelStripBonus5=2,6,6,0,2,10,6,7,1,3,0,2,7,1,4,8,9,5,3,8,4,6,0,8,1,5,10,2,1,11,4,7,8,0,7,1,3,9,4,3,8,7,5,1,6
reelStripBonus6=