reelStrip1=9,4,12,5,10,6,7,9,8,12,1,6,3,10,7,2,11,4,8,9,12,6,5,11,10,8,5,3,2,9,7,4,6,8,12,9,7,6,8,2,5,11,6,9,10,7,11,6,1,3,10,9,6,4,8,7,9,11,12,6,7,4,10,6
reelStrip2=8,10,4,0,5,7,9,11,5,2,10,6,8,5,11,9,12,5,4,11,3,10,6,1,8,11,7,10,5,4,6,2,1,7,11,5,9,10,11,5,0,10,8,3,4,5,8,11,9,7,10,12,11,5,7,8,6,3,5,7,4,11,9,6
reelStrip3=5,11,6,12,3,8,10,9,4,2,6,11,9,7,8,10,1,9,11,6,4,1,9,5,8,7,6,11,3,5,10,9,7,3,6,9,8,10,3,4,9,6,11,10,8,9,5,4,8,3,11,10,7,12,6,5,8,7,2,12,8,10,9,7
reelStrip4=6,9,11,8,7,1,9,10,5,2,6,12,5,11,3,4,8,5,2,10,9,7,1,11,12,5,4,10,3,7,5,12,9,10,8,11,2,9,6,10,0,7,8,3,11,2,5,8,0,10,9,4,1,10,6,9,11,8,6,5,7,9,11,3
reelStrip5=6,3,9,8,7,10,12,1,3,7,4,9,6,5,11,10,1,7,3,2,11,5,9,6,1,4,8,2,11,5,1,7,12,2,8,5,3,10,11,7,9,6,11,8,10,12,2,1,3,4,12,10,7,6,8,4,10,5,2,7,9,11,5,4
reelStrip6=
reelStripBonus1=9,4,12,5,10,6,7,9,8,12,1,6,3,10,7,2,11,4,8,9,12,6,5,11,10,8,5,3,2,9,7,4,6,8,12,9,7,6,8,2,5,11,6,9,10,7,11,6,1,3,10,9,6,4,8,7,9,11,12,6,7,4,10,6
reelStripBonus2=8,10,4,0,5,7,9,11,5,2,10,6,8,5,11,9,12,5,4,11,3,10,6,1,8,11,7,10,5,4,6,2,1,7,11,5,9,10,11,5,0,10,8,3,4,5,8,11,9,7,10,12,11,5,7,8,6,3,5,7,4,11,9,6
reelStripBonus3=5,11,6,12,3,8,10,9,4,2,6,11,9,7,8,10,1,9,11,6,4,1,9,5,8,7,6,11,3,5,10,9,7,3,6,9,8,10,3,4,9,6,11,10,8,9,5,4,8,3,11,10,7,12,6,5,8,7,2,12,8,10,9,7
reelStripBonus4=6,9,11,8,7,1,9,10,5,2,6,12,5,11,3,4,8,5,2,10,9,7,1,11,12,5,4,10,3,7,5,12,9,10,8,11,2,9,6,10,0,7,8,3,11,2,5,8,0,10,9,4,1,10,6,9,11,8,6,5,7,9,11,3
reelStripBonus5=6,3,9,8,7,10,12,1,3,7,4,9,6,5,11,10,1,7,3,2,11,5,9,6,1,4,8,2,11,5,1,7,12,2,8,5,3,10,11,7,9,6,11,8,10,12,2,1,3,4,12,10,7,6,8,4,10,5,2,7,9,11,5,4
reelStripBonus6=