reelStrip1=6,10,4,7,8,5,9,8,5,7,10,3,8,10,4,9,5,8,10,3,9,5,10,3,11,6,9,3,8,9,6,7,10,1,8,10,4,8,2,2,9,10,1,7,6,9,5,11,1,8,4,11,10,5,8,7,5,9,7,1,9,11,5,7,9,5,8,9
reelStrip2=11,5,9,6,8,4,7,9,5,8,12,7,4,9,6,8,5,7,9,12,7,9,6,10,11,12,7,11,5,7,8,4,11,6,8,5,9,3,10,4,7,5,10,6,9,4,7,10,3,8,11,2,2,9,7,6,8,11,12,8,1,10,4,8,10,6,8,11,4,10,1,7,9,3,11,6,7,3
reelStrip3=10,6,5,8,7,5,9,7,4,8,6,0,7,1,9,0,8,6,11,4,7,3,10,7,2,2,2,10,7,3,9,0,10,4,9,6,5,11,10,4,7,9,5,11,4,9,6,10,7,6,9,5,10,0,1,8,11,2,2,2,8,9,5,11,6,9,7,0,8,5,9,2,10,6,9,3,8,10,6,7,12,8,6,10,12,8,3,7,11,2
reelStrip4=4,6,10,2,8,11,6,10,5,6,10,4,11,3,7,4,11,6,9,12,8,11,5,9,2,2,7,3,11,5,8,7,1,8,6,10,4,8,3,12,9,1,7,6,11,3,9,5,11,12,10,3,11,1,9,10,1,9,4,7,12,10,6,3,10,9
reelStrip5=1,7,8,5,11,6,7,10,2,2,9,5,10,6,7,3,10,4,7,5,9,1,8,3,7,8,1,6,8,2,7,4,11,7,5,9,6,1,8,6,7,3,11,9,1,7,6,9,4,11,5,8,1,7,4,8,2,10,3,9,1,11,6,8,5,11,6,9,4
reelStrip6=
reelStripBonus1=6,10,4,7,8,5,9,8,5,7,10,3,8,10,4,9,5,8,10,3,9,5,10,3,11,6,9,3,8,9,6,7,10,1,8,10,4,8,2,2,9,10,1,7,6,9,5,11,1,8,4,11,10,5,8,7,5,9,7,1,9,11,5,7,9,5,8,9
reelStripBonus2=11,5,9,6,8,4,7,9,5,8,12,7,4,9,6,8,5,7,9,12,7,9,6,10,11,12,7,11,5,7,8,4,11,6,8,5,9,3,10,4,7,5,10,6,9,4,7,10,3,8,11,2,2,9,7,6,8,11,12,8,1,10,4,8,10,6,8,11,4,10,1,7,9,3,11,6,7,3
reelStripBonus3=10,6,5,8,7,5,9,7,4,8,6,0,7,1,9,0,8,6,11,4,7,3,10,7,2,2,2,10,7,3,9,0,10,4,9,6,5,11,10,4,7,9,5,11,4,9,6,10,7,6,9,5,10,0,1,8,11,2,2,2,8,9,5,11,6,9,7,0,8,5,9,2,10,6,9,3,8,10,6,7,12,8,6,10,12,8,3,7,11,2
reelStripBonus4=4,6,10,2,8,11,6,10,5,6,10,4,11,3,7,4,11,6,9,12,8,11,5,9,2,2,7,3,11,5,8,7,1,8,6,10,4,8,3,12,9,1,7,6,11,3,9,5,11,12,10,3,11,1,9,10,1,9,4,7,12,10,6,3,10,9
reelStripBonus5=1,7,8,5,11,6,7,10,2,2,9,5,10,6,7,3,10,4,7,5,9,1,8,3,7,8,1,6,8,2,7,4,11,7,5,9,6,1,8,6,7,3,11,9,1,7,6,9,4,11,5,8,1,7,4,8,2,10,3,9,1,11,6,8,5,11,6,9,4
reelStripBonus6=