reelStrip1=2,4,1,3,1,2,5,9,4,0,2,7,6,11,3,8,7,2,5,9,4,2,7,0,6,3,12,8,7,5,3,1,9,10,5,8,3,6,1,2,10,5,11,9,4,2,7,6,3,0,8,7,8,2,8,4,11,2,6,8,4,2,1,9,6,4,1,0,9,2,5,12,1,4,10,2,7,6,3,8,7,8,2,9,3
reelStrip2=2,4,1,3,1,2,5,9,4,0,2,7,6,11,3,8,7,2,5,9,4,2,7,0,6,3,12,8,7,5,3,1,9,10,5,8,3,6,1,2,10,5,11,9,4,2,7,6,3,0,8,7,8,2,8,4,11,2,6,8,4,2,1,9,6,4,1,0,9,2,5,12,1,4,10,2,7,6,3,8,7,8,2,9,3
reelStrip3=2,4,1,3,1,2,5,9,4,0,2,7,6,11,3,8,7,2,5,9,4,2,7,0,6,3,12,8,7,5,3,1,9,10,5,8,3,6,1,2,10,5,11,9,4,2,7,6,3,0,8,7,8,2,8,4,11,2,6,8,4,2,1,9,6,4,1,0,9,2,5,12,1,4,10,2,7,6,3,8,7,8,2,9,3
reelStrip4=2,4,1,3,1,2,5,9,4,0,2,7,6,11,3,8,7,2,5,9,4,2,7,0,6,3,12,8,7,5,3,1,9,10,5,8,3,6,1,2,10,5,11,9,4,2,7,6,3,0,8,7,8,2,8,4,11,2,6,8,4,2,1,9,6,4,1,0,9,2,5,12,1,4,10,2,7,6,3,8,7,8,2,9,3
reelStrip5=2,4,1,3,1,2,5,9,4,0,2,7,6,11,3,8,7,2,5,9,4,2,7,0,6,3,12,8,7,5,3,1,9,10,5,8,3,6,1,2,10,5,11,9,4,2,7,6,3,0,8,7,8,2,8,4,11,2,6,8,4,2,1,9,6,4,1,0,9,2,5,12,1,4,10,2,7,6,3,8,7,8,2,9,3
reelStrip6=
reelStripBonus1=2,4,1,6,1,2,5,9,4,2,7,6,3,8,7,2,5,9,4,2,7,6,3,8,7,5,3,1,9,5,8,3,10,6,1,9,2,5,4,2,7,6,3,8,7,8,2,8,4,2,6,8,4,2,1,9,6,4,1,3,2,5,3,4,2,7,6,3,8,7,8,2,9,3
reelStripBonus2=2,4,1,6,1,2,5,9,4,2,7,6,3,8,7,2,5,9,4,2,7,6,3,8,7,5,3,1,9,5,8,3,10,6,1,9,2,5,4,2,7,6,3,8,7,8,2,8,4,2,6,8,4,2,1,9,6,4,1,3,2,5,3,4,2,7,6,3,8,7,8,2,9,3
reelStripBonus3=2,4,1,6,1,2,5,9,4,2,7,6,3,8,7,2,5,9,4,2,7,6,3,8,7,5,3,1,9,5,8,3,10,6,1,9,2,5,4,2,7,6,3,8,7,8,2,8,4,2,6,8,4,2,1,9,6,4,1,3,2,5,3,4,2,7,6,3,8,7,8,2,9,3
reelStripBonus4=2,4,1,6,1,2,5,9,4,2,7,6,3,8,7,2,5,9,4,2,7,6,3,8,7,5,3,1,9,5,8,3,10,6,1,9,2,5,4,2,7,6,3,8,7,8,2,8,4,2,6,8,4,2,1,9,6,4,1,3,2,5,3,4,2,7,6,3,8,7,8,2,9,3
reelStripBonus5=2,4,1,6,1,2,5,9,4,2,7,6,3,8,7,2,5,9,4,2,7,6,3,8,7,5,3,1,9,5,8,3,10,6,1,9,2,5,4,2,7,6,3,8,7,8,2,8,4,2,6,8,4,2,1,9,6,4,1,3,2,5,3,4,2,7,6,3,8,7,8,2,9,3
reelStripBonus6=