reelStrip1=9,9,2,8,8,3,6,13,4,11,8,8,0,7,7,1,9,9,2,8,8,3,9,9,5,12,9,9,3,7,7,4,11,6,13,3,9,9,7,7,0,8,8,5,12,10,6,13,7,7,10,6,13
reelStrip2=8,8,0,6,13,3,9,9,1,7,7,2,6,13,10,9,9,4,11,8,8,1,9,9,5,12,0,8,8,2,7,7,5,12,9,9,10,8,8,4,11,6,13,3,7,7,5,12,8,8,3,9,9,2,7,7,3
reelStrip3=5,12,7,7,0,9,9,3,6,13,1,8,8,10,9,9,2,7,7,4,11,8,8,0,6,13,5,12,9,9,3,8,8,4,11,7,7,2,6,13,5,12,9,9,1,8,8,2
reelStrip4=9,9,3,7,7,0,6,13,5,12,8,8,1,7,7,4,11,9,9,2,6,13,5,12,0,9,9,3,8,8,4,11,7,7,1,6,13,5,12,9,9,3,8,8,10,7,7,4,11,3,8,8,2,9,9,2,8,8,10
reelStrip5=4,11,9,9,3,7,7,2,8,8,5,12,6,13,1,9,9,0,7,7,4,11,0,8,8,2,9,9,5,12,8,8,3,6,13,2,7,7,4,11,9,9,3,8,8,5,12,6,13,1,9,9,3,7,7,10,8,8
reelStrip6=
reelStripBonus1=9,9,2,8,8,3,6,13,4,11,9,9,0,7,7,8,8,1,9,9,2,8,8,3,9,9,5,12,9,9,3,7,7,4,11,6,13,1,9,9,7,7,5,12,8,8,10,6,13,7,7,10,6,13
reelStripBonus2=8,8,0,6,13,3,9,9,1,7,7,6,13,10,9,9,4,11,8,8,1,9,9,5,12,8,8,2,7,7,5,12,9,9,10,8,8,4,11,6,13,2,7,7,5,12,8,8,3,9,9,2,7,7,3
reelStripBonus3=5,12,7,7,9,9,6,13,3,8,8,2,9,9,1,7,7,4,11,8,8,6,13,5,12,9,9,3,8,8,4,11,7,7,2,6,13,10,5,12,9,9,2
reelStripBonus4=9,9,3,7,7,0,6,13,5,12,8,8,1,7,7,4,11,9,9,2,6,13,5,12,9,9,3,8,8,4,11,7,7,1,6,13,5,12,9,9,3,8,8,10,7,7,4,11,3,8,8,2,9,9,2,8,8
reelStripBonus5=4,11,9,9,3,7,7,2,8,8,5,12,6,13,1,9,9,0,7,7,4,11,8,8,2,9,9,5,12,8,8,3,6,13,2,7,7,4,11,9,9,3,8,8,5,12,6,13,1,9,9,3,7,7,10,8,8
reelStripBonus6=