reelStrip1=2,4,1,3,1,10,11,2,5,0,4,2,2,2,2,7,7,7,7,6,3,8,7,2,5,0,4,2,7,6,3,8,8,8,8,10,10,10,7,5,3,1,0,0,0,0,5,8,3,3,3,3,6,1,2,9,5,0,4,2,7,6,6,6,6,3,3,3,3,10,8,7,8,2,8,4,2,6,8,4,2,1,11,11,11,11,0,6,4,1,0,2,5,1,4,2,7,6,3,11,8,7,8,10,10,10,10,2,0,3
reelStrip2=2,4,1,3,1,10,11,2,5,0,4,2,2,2,2,7,7,7,7,6,3,8,7,2,5,0,4,2,7,6,3,8,8,8,8,10,10,10,7,5,3,1,0,0,0,0,5,8,3,3,3,3,6,1,2,9,5,0,4,2,7,6,6,6,6,3,3,3,3,10,8,7,8,2,8,4,2,6,8,4,2,1,11,11,11,11,0,6,4,1,0,2,5,1,4,2,7,6,3,11,8,7,8,10,10,10,10,2,0,3
reelStrip3=2,4,1,3,1,10,11,2,5,0,4,2,2,2,2,7,7,7,7,6,3,8,7,2,5,0,4,2,7,6,3,8,8,8,8,10,10,12,10,7,5,3,1,0,0,0,0,5,8,3,3,3,3,6,1,2,9,5,0,4,2,7,6,6,6,6,3,3,3,3,10,8,7,8,2,8,4,2,6,8,4,2,1,11,11,11,11,0,6,4,1,12,0,2,5,1,4,2,7,6,3,11,8,7,8,10,10,10,10,2,0,3
reelStrip4=2,4,1,3,1,10,11,2,5,0,4,2,2,2,2,12,7,7,7,7,6,3,8,7,2,5,0,4,2,7,6,3,8,8,8,8,10,10,10,7,5,3,1,0,0,0,0,5,8,3,3,3,3,6,1,2,9,5,0,4,2,7,6,6,6,6,3,3,3,3,10,8,7,8,12,2,8,4,2,6,8,4,2,1,11,11,11,11,0,6,4,1,0,2,5,1,4,2,7,6,3,11,8,7,8,10,10,10,10,2,0,3
reelStrip5=2,4,1,3,1,10,11,2,5,0,4,2,2,2,2,7,7,7,7,6,3,8,12,7,2,5,0,4,2,7,6,3,8,8,8,8,10,10,10,7,5,3,1,0,0,0,0,5,8,3,3,3,3,6,1,2,9,5,0,4,2,7,6,6,6,6,3,3,3,3,10,8,7,8,2,8,4,2,6,8,4,2,1,11,11,11,11,0,6,4,1,0,2,5,1,4,2,12,7,6,3,11,8,7,8,10,10,10,10,2,0,3
reelStrip6=
reelStripBonus1=2,4,1,3,1,10,11,2,5,0,4,2,2,2,2,7,7,7,7,6,3,8,7,2,5,0,4,2,7,6,3,8,8,8,8,10,10,10,7,5,3,1,0,0,0,0,5,8,3,3,3,3,6,1,2,9,5,0,4,2,7,6,6,6,6,3,3,3,3,10,8,7,8,2,8,4,2,6,8,4,2,1,11,11,11,11,0,6,4,1,0,2,5,1,4,2,7,6,3,11,8,7,8,10,10,10,10,2,0,3
reelStripBonus2=2,4,1,3,1,10,11,2,5,0,4,2,2,2,2,7,7,7,7,6,3,8,7,2,5,0,4,2,7,6,3,8,8,8,8,10,10,10,7,5,3,1,0,0,0,0,5,8,3,3,3,3,6,1,2,9,5,0,4,2,7,6,6,6,6,3,3,3,3,10,8,7,8,2,8,4,2,6,8,4,2,1,11,11,11,11,0,6,4,1,0,2,5,1,4,2,7,6,3,11,8,7,8,10,10,10,10,2,0,3
reelStripBonus3=2,4,1,3,1,10,11,2,5,0,4,2,2,2,2,7,7,7,7,6,3,8,7,2,5,0,4,2,7,6,3,8,8,8,8,10,10,10,7,5,3,1,0,0,0,0,5,8,3,3,3,3,6,1,2,9,5,0,4,2,7,6,6,6,6,3,3,3,3,10,8,7,8,2,8,4,2,6,8,4,2,1,11,11,11,11,0,6,4,1,0,2,5,1,4,2,7,6,3,11,8,7,8,10,10,10,10,2,0,3
reelStripBonus4=2,4,1,3,1,10,11,2,5,0,4,2,2,2,2,7,7,7,7,6,3,8,7,2,5,0,4,2,7,6,3,8,8,8,8,10,10,10,7,5,3,1,0,0,0,0,5,8,3,3,3,3,6,1,2,9,5,0,4,2,7,6,6,6,6,3,3,3,3,10,8,7,8,2,8,4,2,6,8,4,2,1,11,11,11,11,0,6,4,1,0,2,5,1,4,2,7,6,3,11,8,7,8,10,10,10,10,2,0,3
reelStripBonus5=2,4,1,3,1,10,11,2,5,0,4,2,2,2,2,7,7,7,7,6,3,8,7,2,5,0,4,2,7,6,3,8,8,8,8,10,10,10,7,5,3,1,0,0,0,0,5,8,3,3,3,3,6,1,2,9,5,0,4,2,7,6,6,6,6,3,3,3,3,10,8,7,8,2,8,4,2,6,8,4,2,1,11,11,11,11,0,6,4,1,0,2,5,1,4,2,7,6,3,11,8,7,8,10,10,10,10,2,0,3
reelStripBonus6=