reelStrip1=6,6,6,1,1,0,8,0,3,3,4,4,4,2,8,2,0,6,2,3,5,5,5,0,0,3,3,3,1,0,6,2,3,5,5,5,0,0,3,3,3,5,5,5
reelStrip2=6,8,6,0,0,0,3,8,3,1,1,7,4,4,2,2,2,5,8,0,6,2,3,5,5,5,0,0,0,6,2,3,5,5,5,0,0,3,3,3,3,3,3,5
reelStrip3=6,8,6,2,2,2,3,3,3,0,6,2,3,5,5,5,0,0,3,3,3,4,4,4,2,7,0,5,8,5,0,6,2,3,5,5,5,0,0,3,3,3,1,1
reelStrip4=6,6,6,3,3,8,1,2,2,0,7,0,6,2,3,5,5,5,0,0,3,3,3,5,5,4,4,4,1,8,0,6,2,3,5,5,5,0,0,3,3,3,1,2,2,0,0,0
reelStrip5=6,8,1,2,2,0,6,2,3,5,5,5,0,0,3,3,3,0,6,2,3,5,5,5,0,0,3,3,3,4,8,2,2,2,3,0,6,2,3,5,5,5,0,0,3,3,3,1,1,1
reelStrip6=
reelStripBonus1=
reelStripBonus2=
reelStripBonus3=
reelStripBonus4=
reelStripBonus5=
reelStripBonus6=