reelStrip1=6,6,6,0,0,5,5,5,1,1,1,2,2,5,5,6,8,7,5,6,8,4,5,6,7,5,6,8,7,6,5,7,8,4,5,4,3,3,6,7,8,5,7,6,5,4,4,4,2,2,2,0,0,0,1,1,3,3,3,6,8,7,5,6,8,4,5,6,7,5,6,8,7,6,5,7,8,4,5,4,3,3,6,7,8,5,7,6,0,0,9,0,3,3,3,1,1,1,0,0,0,1,1,1,0,0,0,2,2,2,6,6,6,4,4,4,2,2,2,6,8,7,5,6,8,4,5,6,7,5,6,8,7,6,5,7,8,4,5,4,3,3,6,7,8,5,7,6
reelStrip2=6,6,8,1,1,1,0,6,8,7,5,6,8,4,5,6,7,5,6,8,7,6,5,7,8,4,5,4,3,3,6,7,8,5,7,6,0,8,8,8,5,5,5,0,0,8,2,2,2,4,4,4,0,0,0,2,2,2,3,3,3,4,4,4,1,1,4,4,4,2,2,8,6,6,0,0,0,1,1,1,5,5,9,5,0,0,3,3,3,2,2,2,6,8,7,5,6,8,4,5,6,7,5,6,8,7,6,5,7,8,4,5,4,3,3,6,7,8,5,7,6
reelStrip3=3,3,3,1,1,1,4,4,8,2,9,2,5,5,5,0,0,0,2,2,2,3,3,3,0,0,0,4,4,4,1,1,2,2,2,0,0,0,2,2,2,0,0,0,6,6,8,1,1,1,0,0,6,8,7,5,6,8,4,5,6,7,5,6,8,7,6,5,7,8,4,5,4,3,3,6,7,8,5,7,6,0,5,5,1,1,1,8,6,6,8,7,5,6,8,4,5,6,7,5,6,8,7,6,5,7,8,4,5,4,3,3,6,7,8,5,7,6
reelStrip4=8,0,0,5,5,5,8,6,6,0,0,3,3,3,4,4,8,1,1,1,4,4,4,2,2,2,0,0,0,2,2,0,0,8,1,1,1,6,8,7,5,6,8,4,5,6,7,5,6,8,7,6,5,7,8,4,5,4,3,3,6,7,8,5,7,6,5,5,5,6,6,8,4,4,4,2,2,9,2,1,1,2,2,2,8,0,0,1,1,8,6,8,7,5,6,8,4,5,6,7,5,6,8,7,6,5,7,8,4,5,4,3,3,6,7,8,5,7,6
reelStrip5=0,0,0,1,1,1,0,0,0,2,2,1,1,1,2,2,2,0,0,0,6,8,7,5,6,8,4,5,6,7,5,6,8,7,6,5,7,8,4,5,4,3,3,6,7,8,5,7,6,1,1,1,2,2,2,6,8,7,5,6,8,4,5,6,7,5,6,8,7,6,5,7,8,4,5,4,3,3,6,7,8,5,7,6,3,3,3,0,0,2,2,2,5,5,5,4,4,4,3,3,3,0,0,0,5,5,5,1,1,6,6,6,6,8,7,5,6,8,4,5,6,7,5,6,8,7,6,5,7,8,4,5,4,3,3,6,7,8,5,7,6,9,4,4,4,6,6,6,6,8,7,5,6,8,4,5,6,7,5,6,8,7,6,5,7,8,4,5,4,3,3,6,7,8,5,7,6
reelStrip6=
reelStripBonus1=6,6,6,0,0,5,5,5,1,1,1,2,2,5,5,5,6,8,7,5,6,8,4,5,6,7,5,6,8,7,6,5,7,8,4,5,4,3,3,6,7,8,5,7,6,4,4,4,2,2,2,6,6,6,1,1,3,3,3,0,0,8,0,3,3,3,5,5,5,3,3,3,1,1,1,0,0,0,4,4,4,6,6,6,4,4,4,2,2,2,6,8,7,5,6,8,4,5,6,7,5,6,8,7,6,5,7,8,4,5,4,3,3,6,7,8,5,7,6
reelStripBonus2=6,6,6,0,0,5,5,5,1,1,1,2,2,5,5,5,6,8,7,5,6,8,4,5,6,7,5,6,8,7,6,5,7,8,4,5,4,3,3,6,7,8,5,7,6,4,4,4,2,2,2,6,6,6,1,1,3,3,3,0,0,8,0,3,3,3,5,5,5,3,3,3,1,1,1,0,0,0,4,4,4,6,6,6,4,4,4,2,2,2,6,8,7,5,6,8,4,5,6,7,5,6,8,7,6,5,7,8,4,5,4,3,3,6,7,8,5,7,6
reelStripBonus3=3,3,3,6,8,7,5,6,8,4,5,6,7,5,6,8,7,6,5,7,8,4,5,4,3,3,6,7,8,5,7,6,5,1,1,1,2,2,5,8,5,4,4,4,3,3,3,6,6,6,5,5,5,4,4,4,3,3,3,5,5,5,6,6,6,3,3,3,4,4,4,5,5,5,6,8,7,5,6,8,4,5,0,0,6,7,5,6,8,7,6,5,7,8,4,5,4,3,3,6,7,8,5,7,6,3,3,3,4,4,4,6,6,6,0,4,4,4,6,6,6,5,5,5,6,6,6
reelStripBonus4=6,6,6,0,0,5,5,5,1,1,1,2,2,5,5,5,6,8,7,5,6,8,4,5,6,7,5,6,8,7,6,5,7,8,4,5,4,3,3,6,7,8,5,7,6,4,4,4,2,2,2,6,6,6,1,1,3,3,3,0,0,8,0,3,3,3,5,5,5,3,3,3,1,1,1,0,0,0,4,4,4,6,6,6,4,4,4,2,2,2,6,8,7,5,6,8,4,5,6,7,5,6,8,7,6,5,7,8,4,5,4,3,3,6,7,8,5,7,6
reelStripBonus5=6,6,6,0,0,5,5,5,1,1,1,2,2,5,5,5,6,8,7,5,6,8,4,5,6,7,5,6,8,7,6,5,7,8,4,5,4,3,3,6,7,8,5,7,6,4,4,4,2,2,2,6,6,6,1,1,3,3,3,0,0,8,0,3,3,3,5,5,5,3,3,3,1,1,1,0,0,0,4,4,4,6,6,6,4,4,4,2,2,2,6,8,7,5,6,8,4,5,6,7,5,6,8,7,6,5,7,8,4,5,4,3,3,6,7,8,5,7,6
reelStripBonus6=