reelStrip1=1,4,5,12,0,8,1,2,7,0,10,5,4,6,3,2,12,1,3,9
reelStrip2=11,11,11,5,7,0,4,10,3,8,1,9,2,6,12,3,8,5,6,1
reelStrip3=7,3,12,6,1,0,5,10,2,6,11,11,11,2,9,3,5,8,4,0
reelStrip4=5,6,3,2,11,11,11,9,3,2,10,0,1,7,4,8,12,3,4,2
reelStrip5=8,4,2,12,1,6,2,8,4,3,6,5,7,1,9,0,8,3,4,10
reelStrip6=
reelStripBonus1=1,4,5,12,0,8,1,2,7,0,10,5,4,6,3,2,12,1,3,9
reelStripBonus2=11,5,2,10,1,7,4,3,12,8,1,9,2,6,0,3,10,5,6,1
reelStripBonus3=7,3,11,0,1,8,5,10,2,6,11,1,6,2,9,3,12,5,4,0
reelStripBonus4=5,6,3,2,11,4,0,9,3,2,10,0,1,7,4,2,8,3,4,12
reelStripBonus5=8,4,2,12,1,6,2,8,4,3,6,5,7,1,9,0,8,3,4,10
reelStripBonus6=