reelStrip1=6, 9, 3, 11, 5, 7, 8, 1, 9, 12, 10, 0, 8, 2, 11, 4, 10, 9, 5, 6, 7, 9, 10, 11, 4, 6, 7, 3, 10, 8, 2, 8, 1
reelStrip2=5, 6, 4, 11, 8, 0, 7, 1, 8, 11, 12, 10, 9, 2, 7, 10, 3, 9, 5, 6, 8, 9, 10, 4, 11, 6, 3, 7, 8, 9, 11, 2, 10
reelStrip3=1, 9, 3, 10, 4, 7, 5, 6, 12, 10, 0, 11, 9, 2, 8, 11, 5, 6, 7, 8, 9, 10, 11, 4, 6, 7, 8, 9, 3, 10, 11, 8, 6, 7
reelStrip4=3, 9, 4, 7, 5, 6, 2, 11, 5, 10, 1, 11, 0, 8, 9, 12, 10, 7, 11, 4, 8, 9, 3, 6, 8, 10, 2, 11, 0, 7, 8, 5, 6, 4
reelStrip5=4, 11, 1, 7, 3, 9, 5, 10, 12, 11, 6, 2, 7, 9, 0, 10, 5, 8, 9, 11, 4, 8, 6, 0, 10, 2, 9, 3, 8, 0, 6, 1, 8, 0, 7
reelStrip6=
reelStripBonus1=11, 3, 6, 5, 7, 1, 9, 12, 10, 0, 9, 8, 2, 11, 4, 10, 5, 9, 6, 7, 8, 11, 4, 6, 9, 3, 10, 7, 2, 8, 10, 1
reelStripBonus2=10, 5, 6, 4, 11, 0, 7, 1, 8, 11, 12, 9, 2, 10, 3, 9, 5, 6, 7, 9, 10, 4, 8, 11, 10, 3, 6, 7, 8, 9, 2, 8
reelStripBonus3=1, 9, 7, 3, 10, 6, 4, 11, 5, 10, 0, 11, 9, 2, 8, 5, 11, 6, 7, 12, 8, 9, 10, 11, 4, 6, 9, 3, 7, 8, 10, 5, 8, 6, 7
reelStripBonus4=3, 9, 4, 7, 5, 6, 2, 11, 5, 10, 1, 11, 0, 8, 9, 12, 10, 6, 7, 8, 9, 12, 10, 4, 11, 7, 3, 6, 8, 9, 10, 5, 11, 2, 8
reelStripBonus5=4, 11, 10, 1, 7, 3, 9, 5, 6, 10, 12, 11, 2, 9, 0, 10, 6, 5, 8, 6, 7, 8, 9, 10, 11, 4, 6, 8, 9, 2, 11, 3, 7, 1, 8, 7
reelStripBonus6=