reelStrip1=8, 0, 6, 6, 2, 9, 9, 9, 9, 3, 3, 7, 1, 8, 8, 8, 8, 10, 7, 7, 2, 6, 6, 4, 4, 4, 7, 7, 5, 5, 5, 7, 7, 7, 7, 1, 1
reelStrip2=8, 8, 3, 3, 9, 10, 6, 6, 5, 5, 6, 6, 0, 0, 0, 2, 9, 9, 3, 3, 8, 8, 4, 6, 7, 1, 3, 8, 8, 5, 9, 9, 9, 6, 7, 11, 11, 11
reelStrip3=2, 9, 5, 5, 5, 7, 6, 6, 0, 3, 6, 4, 4, 4, 8, 10, 6, 4, 9, 9, 9, 9, 1, 7, 7, 7, 7, 2, 2, 6, 0, 8, 8, 8, 9, 9, 7, 5, 6, 6, 8, 8, 8, 1
reelStrip4=3, 7, 4, 9, 9, 0, 0, 0, 6, 2, 7, 3, 6, 6, 4, 8, 8, 8, 3, 9, 1, 1, 7, 7, 4, 6, 5, 5, 5, 9, 2, 9, 9, 6, 10, 7, 4, 8, 8, 8, 2, 11, 11, 11
reelStrip5=8, 8, 0, 2, 7, 5, 6, 6, 3, 7, 4, 4, 9, 9, 5, 10, 7, 1, 9, 2, 6, 6, 3, 8, 8, 0, 0, 5, 7, 4, 9, 9, 3, 6, 4, 5, 7, 2, 8, 1, 1
reelStrip6=
reelStripBonus1=8, 0, 6, 6, 2, 9, 9, 9, 9, 3, 3, 7, 1, 8, 8, 8, 8, 10, 7, 7, 2, 6, 6, 4, 4, 4, 7, 7, 5, 5, 5, 7, 7, 7, 7, 1
reelStripBonus2=8, 8, 3, 3, 9, 10, 6, 6, 5, 6, 6, 0, 2, 9, 3, 3, 8, 8, 4, 7, 1, 3, 8, 5, 9, 9, 9, 11, 11, 11, 11, 11, 11, 11
reelStripBonus3=2, 9, 5, 5, 5, 7, 3, 6, 4, 4, 4, 8, 10, 6, 4, 9, 9, 9, 1, 7, 7, 7, 2, 2, 6, 6, 0, 5, 6, 11, 11, 11, 11, 11, 11, 11, 8, 8, 8
reelStripBonus4=3, 7, 4, 0, 6, 2, 7, 3, 6, 6, 4, 8, 10, 3, 9, 1, 7, 4, 6, 5, 5, 5, 9, 2, 9, 9, 10, 7, 4, 8, 8, 8, 2, 11, 11, 11, 11, 11
reelStripBonus5=8, 8, 2, 7, 5, 6, 6, 3, 7, 4, 4, 9, 9, 5, 10, 7, 1, 2, 6, 6, 3, 8, 8, 0, 5, 4, 9, 9, 3, 10, 6, 4, 7, 2, 8, 1
reelStripBonus6=