reelStrip1=1,2,2,2,8,8,4,4,4,9,2,2,4,4,2,2,4,4,9,3,3,3,2,2,7,7,5,5,5,4,4,6,6,6
reelStrip2=6,6,3,5,5,5,3,5,5,1,2,2,5,5,5,10,6,5,5,3,3,3,9,4,4,3,3,5,5,7,7,3,8,8
reelStrip3=6,6,1,2,2,7,7,9,3,3,3,2,2,3,3,9,4,4,4,3,7,7,10,4,4,9,7,7,7,5,5,5,8,8
reelStrip4=6,6,6,1,2,3,2,10,9,6,6,9,7,7,7,4,3,4,9,6,6,8,4,4,4,6,6,6,9,5,5,5,8,8
reelStrip5=1,3,2,8,8,2,2,9,5,5,5,2,2,2,8,6,6,6,3,2,9,4,3,3,2,2,7,7,2,2,2,4,4,4
reelStrip6=
reelStripBonus1=
reelStripBonus2=
reelStripBonus3=
reelStripBonus4=
reelStripBonus5=
reelStripBonus6=