reelStrip1=3,8,5,1,8,7,3,2,9,5,2,9,8,6,0,4,6,5,3,7,8,0,7,5,3,9,7,3,8,5,3,7,8,2,7,9,3,5,7,10,5,9,1,5,3,9,7,10,3,7,8,3,7,8,5,3,8,5,1,8,7,3,2,9,5,2,9,8,6,0,4,6,5,8,7,3,0,7,5,3,9,7,3,8,5,3,7,8,2,7,9,3,5,7,10,5,9,1,5,9,3,7,10,3,7,8,3,7,8,5,6,3,5,4,9
reelStrip2=4,5,9,4,5,1,6,4,9,0,6,4,9,2,7,4,8,2,6,3,9,4,6,10,9,0,6,2,5,4,6,0,5,2,7,4,6,2,9,1,8,4,9,2,6,1,9,4,5,2,6,4,5,2,6,10,9,4,5,2,9,1,5,4,9,0,6,2,9,4,7,3,9,2,6,4,9,2,7,10,6,2,8,4,6,2,9,4,6,2,5,4,6,2,9,1,6,4,9,2,6,1,9,4,5,2,6,4,5,10,6,4,5,9,10
reelStrip3=2,7,8,4,7,6,2,5,8,0,6,7,1,6,5,8,2,7,8,6,7,5,9,7,0,8,6,9,1,8,7,6,2,10,6,7,10,8,9,3,6,7,9,4,8,2,9,8,2,9,7,2,9,7,2,5,8,2,7,8,4,7,6,2,5,8,0,6,7,1,6,5,8,2,7,8,6,7,5,9,7,0,8,6,9,1,8,7,6,2,10,6,7,10,8,9,3,8,7,9,4,8,2,9,8,2,9,7,2,9,7,2,5,8,6
reelStrip4=8,6,3,8,6,2,4,8,6,2,8,6,7,8,6,1,8,6,7,10,6,2,7,8,6,5,8,2,10,8,6,7,5,6,8,5,6,8,0,9,8,0,6,7,8,6,9,8,6,5,2,6,4,8,6,3,8,6,2,4,8,6,2,8,6,7,8,6,1,8,6,7,10,6,2,7,8,6,5,8,2,10,8,6,7,5,6,8,5,6,8,0,9,8,0,6,7,8,6,9,8,6,5,2,6,4,5,7,8,1,6,9,8,6,3
reelStrip5=7,2,9,5,4,6,7,3,9,8,5,3,8,5,1,3,8,7,6,8,3,9,0,7,8,6,9,5,3,9,5,3,6,8,7,3,9,7,3,9,8,3,9,8,3,9,8,3,7,8,6,10,9,7,2,9,3,8,7,2,9,5,4,6,7,3,9,8,5,3,8,5,1,3,8,7,6,8,3,9,0,7,8,6,9,5,3,9,5,3,6,9,7,3,9,7,3,9,8,3,9,8,3,9,8,3,7,8,6,10,9,7,2,9,3
reelStrip6=
reelStripBonus1=5,6,9,10,9,4,7,5,10,9,7,4,9,5,7,3,10,9,5,10,7,3,10,9,6,10,4,6,10,3,9,5,10,0,0,0,0,8,10,1,7,10,8,2,9,0,0,0,0,2,6,0,0,0,0,10,7,0,0,0,0,10,7,5,6,10,7,6,0,0,0,0,9,4,7,9,10,0,0,0,0,5,6,3,5,8,3,9,10,8,6,5,7,1,6,5,4,6,0,0,0,0,0,0,8
reelStripBonus2=3,7,8,3,9,8,3,9,2,5,3,9,8,0,5,3,7,5,3,7,8,5,10,9,5,8,3,5,7,9,3,5,9,3,5,8,1,9,5,3,7,9,8,7,5,1,7,8,10,3,7,4,8,2,5,3,7,8,3,9,8,3,9,2,6,5,9,8,0,5,3,7,5,3,7,8,10,5,9,7,8,5,3,7,9,3,5,9,3,5,8,9,1,5,3,7,9,8,7,5,1,7,8,10,7,3,6,4,8,5,6,4,5,7,6
reelStripBonus3=8,7,6,8,7,6,2,7,8,2,5,8,7,5,8,0,7,6,10,3,8,5,7,9,3,6,9,2,8,7,9,1,5,6,1,7,2,9,7,5,9,2,4,7,6,9,7,8,2,9,8,10,6,8,7,6,4,8,7,6,8,7,6,2,7,8,2,5,8,2,5,8,0,7,6,10,7,8,5,7,9,3,6,9,2,8,7,9,1,5,6,1,7,2,9,7,5,9,2,4,7,6,9,7,8,2,9,8,10,6,8,7,6,4,3
reelStripBonus4=6,5,8,6,2,4,6,2,8,6,4,8,6,9,8,6,5,8,6,10,8,6,5,8,6,2,8,6,1,3,6,7,10,6,5,3,8,9,6,8,1,7,8,6,2,8,9,0,7,8,6,2,8,6,5,8,6,4,5,6,2,8,6,4,8,6,9,8,6,5,8,6,10,8,6,5,8,6,2,8,6,7,3,6,7,10,6,5,7,8,9,6,8,1,7,8,6,2,8,9,6,7,8,0,2,8,7,1,8,3,1,8,6,5,7
reelStripBonus5=8,7,3,9,6,3,9,8,3,7,9,8,7,2,9,7,3,8,7,3,9,6,10,9,7,2,8,9,3,8,9,3,8,5,1,3,5,0,7,9,8,5,7,3,9,5,4,6,7,9,3,8,5,3,6,8,3,9,8,7,3,9,6,3,9,8,7,9,8,7,9,2,7,9,3,8,7,3,9,6,10,9,7,2,8,9,3,8,9,3,8,5,1,3,5,0,7,9,8,5,7,3,9,5,4,6,7,9,3,8,5,3,8,6,3
reelStripBonus6=