reelStrip1=3,2,9,0,1,12,2,0,8,4,3,9,5,10,1,2,6,0,8,5
reelStrip2=3,5,6,1,0,7,2,5,12,0,4,10,2,1,9,0,3,6,2,4
reelStrip3=8,4,3,12,1,4,9,1,6,3,10,4,8,1,5,6,0,7,2,9
reelStrip4=11,1,4,6,3,5,12,2,3,0,1,10,5,7,2,8,4,7,3,6
reelStrip5=11,1,0,7,4,8,5,9,1,10,4,8,3,0,12,2,7,1,9,3
reelStrip6=
reelStripBonus1=3,2,9,0,1,12,2,0,8,4,3,9,5,10,1,2,6,0,8,5
reelStripBonus2=3,5,6,1,0,7,2,5,12,0,4,10,2,1,9,0,3,6,2,4
reelStripBonus3=8,4,3,12,1,4,9,1,6,3,10,4,8,1,5,6,0,7,2,9
reelStripBonus4=11,1,4,6,3,5,12,2,3,0,1,10,5,7,2,8,4,7,3,6
reelStripBonus5=11,1,0,7,4,8,5,9,1,10,4,8,3,0,12,2,7,1,9,3
reelStripBonus6=