reelStrip1=11,1,8,10,2,5,10,8,10,11,12,6,8,9,7,12,9,10,6,7,2,9,10,8,6,5,11,7,12,7,3,11,6,11,0,6,6,11,8,11,7,11,8,1,7,10,4,7,9,11,8,9,11,12,10,9,11,4,5,9,8,10,9,12,5,7,7,3,8,9,3,0,6,6,10,4,6,10,1,10,4,8,10,4,5,4,10,9,10,3,3,2,10,8,12,4,3,7,9,7,8,5,9,5,8,9,12,1,5,11,9,2,5,11,8,6,11,2,7,11
reelStrip2=10,7,9,3,11,6,9,8,11,3,2,10,9,6,4,4,7,8,10,9,11,7,1,9,11,9,5,7,11,9,7,11,8,4,11,3,10,6,0,5,3,9,9,2,10,9,11,7,10,3,10,6,2,7,9,8,1,11,4,6,6,5,8,4,3,10,8,11,5,6,1,8,2,9,6,5,7,10,8,11,5,0,7,4,2,5,9,11,7,8,11,5,4,6,3,2,8,5,4,6,7,10,8,11,6,10,10,9,1,8,10,0,8,3,10,7,11,6,4,5
reelStrip3=10,11,4,4,3,8,10,2,6,8,12,6,10,8,9,10,11,3,6,12,7,3,6,1,3,6,2,12,8,9,4,6,11,6,7,11,0,3,7,5,1,11,9,7,2,6,1,7,10,7,2,7,4,7,8,0,2,11,10,9,5,6,8,5,9,11,10,1,8,5,7,3,9,9,5,10,12,2,7,10,6,3,9,10,12,4,8,9,1,10,4,11,0,2,10,5,8,9,11,12,9,8,11,3,11,12,10,8,9,11,8,5,5,7,4,11,4,12,5,4
reelStrip4=6,11,5,6,7,8,11,3,10,4,6,9,5,5,8,6,1,11,8,8,11,10,2,6,11,3,9,3,9,5,1,2,6,9,4,7,3,4,8,7,6,0,9,9,2,9,10,7,2,4,4,11,3,2,9,9,7,2,11,10,11,5,11,10,2,3,1,3,10,8,10,7,9,10,8,10,8,4,10,7,5,7,1,3,11,4,11,3,7,6,1,4,7,9,6,0,5,9,10,8,10,4,3,10,6,11,5,10,4,8,11,11,8,5,6,8,2,7,5,1
reelStrip5=5,8,2,10,5,11,6,5,9,3,0,7,10,5,8,4,9,6,12,7,9,7,2,10,6,11,5,7,11,6,12,5,6,2,1,2,6,4,3,1,10,9,11,8,3,11,9,6,7,7,9,10,1,0,4,2,5,1,8,10,4,11,12,1,4,8,3,7,3,4,5,2,12,3,10,4,7,1,6,2,11,4,3,10,0,8,11,6,4,11,4,5,9,8,6,7,5,8,6,3,5,7,9,8,12,9,9,1,3,10,6,2,6,10,8,5,8,7,12,5
reelStrip6=
reelStripBonus1=11,9,8,10,2,5,10,8,10,12,6,10,11,9,7,12,9,10,6,7,2,9,10,8,6,5,11,7,12,7,3,11,6,11,1,6,6,11,8,11,7,11,8,1,7,10,4,4,9,11,8,9,11,12,10,9,11,4,5,9,8,10,9,8,5,7,7,3,11,9,3,2,6,6,10,4,6,10,1,10,4,8,10,4,5,4,10,9,10,3,3,2,12,8,5,4,3,7,3,7,8,12,9,5,8,9,12,11,5,11,9,2,5,11,8,6,11,2,7,11
reelStripBonus2=10,7,9,3,11,1,9,8,7,3,2,10,9,6,11,4,7,8,10,9,11,7,1,9,7,9,5,7,11,9,1,2,8,4,11,4,10,6,11,5,3,9,9,2,10,2,11,7,10,3,10,6,2,7,9,8,6,11,4,6,6,5,8,4,3,10,8,11,5,6,11,8,2,9,6,5,7,10,8,11,5,9,7,4,2,5,9,11,7,8,11,5,4,6,3,5,8,5,4,6,7,10,8,11,6,10,10,9,8,1,10,3,8,3,10,7,11,6,4,5
reelStripBonus3=10,12,4,4,3,8,10,2,6,8,5,6,1,8,9,10,11,3,6,9,7,3,6,11,3,6,2,12,8,9,4,6,11,6,7,11,2,12,7,5,1,11,9,7,2,6,1,7,10,7,2,7,4,7,8,3,2,12,10,9,5,6,8,5,9,11,10,1,8,5,7,3,9,9,5,10,11,2,7,10,6,3,9,10,12,4,8,6,1,10,4,11,4,2,10,5,8,9,11,9,9,8,11,3,11,12,10,8,9,11,8,5,5,7,12,11,4,10,5,4
reelStripBonus4=6,11,10,6,7,8,11,4,10,4,6,1,5,5,8,6,7,5,8,8,1,6,2,6,11,2,6,3,9,5,11,2,6,9,4,7,3,4,8,7,6,5,9,9,2,9,10,7,2,4,4,11,3,2,9,9,7,2,8,10,1,5,11,10,2,3,6,3,1,8,10,7,9,10,8,10,8,4,3,7,5,7,1,3,11,9,11,3,6,7,7,4,7,9,1,4,5,9,10,8,10,4,3,10,6,11,5,10,4,8,11,11,8,5,6,9,2,7,5,11
reelStripBonus5=5,8,2,4,5,12,6,10,9,3,1,7,10,5,8,11,9,6,11,7,9,7,2,10,6,3,5,7,11,6,12,5,6,2,1,2,6,4,3,1,10,9,11,8,10,11,9,6,7,7,9,6,1,2,4,2,5,1,8,10,4,11,12,11,4,8,3,7,3,12,5,2,10,3,3,4,7,1,6,2,11,4,3,10,4,8,11,12,4,11,4,5,9,8,6,7,5,8,6,12,5,7,9,8,12,9,9,1,3,10,6,2,6,10,8,5,8,7,3,5
reelStripBonus6=

