reelStrip1=6, 0, 5, 4, 2, 6, 5, 2, 6, 5, 3, 4, 7, 2, 4, 6, 5, 7, 4, 5, 6, 2, 4, 8, 0, 4, 6, 8, 9, 4, 7, 1, 5, 6, 3, 5, 7, 2, 6, 8, 4, 7, 5, 6, 1, 8, 5, 2, 7, 4
reelStrip2=7, 1, 5, 4, 7, 8, 5, 0, 6, 7, 8, 5, 3, 7, 8, 5, 6, 8, 5, 7, 8, 5, 4, 7, 3, 5, 8, 3, 7, 5, 4, 2, 7, 8, 3, 7, 5, 1, 6, 8, 7, 6, 9, 4, 8
reelStrip3=4, 8, 3, 6, 7, 8, 2, 6, 4, 2, 5, 4, 0, 7, 8, 1, 7, 6, 2, 8, 4, 3, 7, 6, 4, 8, 3, 7, 6, 8, 7, 4, 9, 8, 5, 1, 4, 6, 1, 8, 6, 0, 7, 8, 1, 5
reelStrip4=2, 6, 5, 2, 8, 4, 3, 7, 8, 6, 2, 5, 7, 0, 8, 6, 5, 9, 6, 4, 3, 6, 8, 1, 5, 3, 4, 7, 6, 5, 1, 8, 7, 6, 2, 8, 4, 6, 7, 9, 8, 5, 0, 4, 6, 1, 4, 2, 5, 4
reelStrip5=1, 6, 0, 7, 8, 2, 5, 6, 8, 3, 5, 1, 6, 2, 4, 8, 9, 6, 7, 1, 4, 5, 8, 7, 9, 5, 7, 0, 4, 5, 2, 6, 3, 4, 8, 3, 6, 4, 2, 5, 7, 2, 6, 4, 3, 7
reelStrip6=
reelStripBonus1=9, 4, 7, 1, 5, 7, 4, 1, 6, 8, 9, 5, 7, 0, 5, 4, 3, 6, 7, 2, 5, 4, 2, 8, 5, 7, 1, 6, 5, 4, 3, 6, 4, 7, 1, 6, 8
reelStripBonus2=4, 5, 8, 3, 7, 9, 5, 6, 4, 8, 5, 2, 4, 7, 6, 8, 1, 7, 4, 3, 7, 6, 9, 4, 8, 6, 2, 5, 8, 6, 0, 7, 4, 6, 7, 3, 8
reelStripBonus3=4, 5, 1, 6, 4, 0, 6, 8, 0, 5, 7, 4, 9, 8, 5, 7, 1, 8, 6, 2, 5, 7, 6, 2, 7, 5, 3, 6, 4, 7, 5, 8, 7, 4, 0, 8
reelStripBonus4=3, 4, 7, 8, 0, 7, 4, 9, 5, 8, 3, 6, 7, 9, 8, 5, 6, 3, 5, 1, 6, 7, 0, 4, 6, 2, 5, 8, 2, 5, 6, 3, 8, 5, 2, 6, 8
reelStripBonus5=9, 5, 7, 1, 4, 2, 8, 7, 9, 5, 1, 6, 4, 2, 7, 4, 0, 7, 8, 2, 4, 0, 5, 3, 8, 1, 6, 2, 5, 3, 6, 1, 8, 0, 6, 3, 8
reelStripBonus6=