reelStrip1=12,11,10,9,8,7,6,5,12,11,10,12,11,9,8,7,11,10,6,5,4,3,12,11,10,12,10,9,8,7,6,5,4,3,12,11,10,9,8,7,6,12,11,9,8,7,11,10,4,3,12,11,10,12,11,9,8,7,11,10,6,5,4,3,12,11,10,12,10,15,9,8,7,6,5,4,3,12,11,10,9,8,7,6,12,11,9,8,7,11,10,6,5,4,3,12,11,10,12,10,9,8,7,11,5,4,3,10,6,7,6,9,8,7,5,11,10,4,3,12,5,4,3,11,7,6,9,8,7,5,11,10,4,3,12,5,4,3,11,10,12,11,10,12,11
reelStrip2=12,11,10,9,8,7,6,9,8,7,5,11,10,4,3,12,5,4,3,11,10,12,11,10,12,11,10,12,11,9,8,7,11,10,6,5,4,3,12,11,10,12,10,9,8,7,6,5,4,3,12,11,10,9,8,7,6,12,11,9,8,7,11,10,15,9,8,7,6,5,7,6,9,8,7,5,11,10,4,3,12,5,4,3,11,10,12,11,4,3,12,11,10,9,8,7,15,6,12,9,8,7,11,10,12,11,10,12,11,9,8,7,11,10,6,5,4,3,12,11,10,12,10,9,8,7,6,5,4,3,12,11,10,9,8,7,6,12,11,9,8,7,11,10,6,9,8,7,11,10,6,5,4,3,12,11,10,12,5,4,3,12,11,10,12,11,10,9,7,6,9,8,7,5,11,10,4,3,12,5,4,3,11,10,12,11,8,7,6
reelStrip3=12,11,10,9,8,7,6,5,4,3,12,11,10,12,11,10,16,9,8,7,11,12,11,10,12,11,9,8,7,11,10,6,5,4,3,12,11,10,12,10,9,8,7,15,6,5,4,3,12,11,10,9,8,7,6,12,11,9,8,7,11,10,10,6,5,4,3,12,11,10,12,11,10,9,8,7,6,5,4,3,12,11,10,15,9,8,5,4,9,8,7,11,10,6,5,4,3,12,11,10,12,3,7,6,12,11,9,8,7,10,9,8,7,6,7,6,9,8,7,5,11,10,4,3,12,5,4,3,11,10,12,11
reelStrip4=12,11,7,6,9,8,7,5,11,10,4,3,12,5,4,3,11,10,12,11,10,9,8,16,7,6,9,8,7,5,11,10,4,3,12,5,4,3,11,10,12,11,7,6,5,4,3,12,5,4,3,11,10,9,8,9,8,7,11,10,6,5,4,3,12,11,10,12,7,11,10,6,5,12,11,10,12,11,9,8,7,11,10,6,5,4,3,12,11,10,12,10,9,8,7,6,5,4,3,12,11,10,9,8,7,6,12,11,9,8,7,11,10,4,3,12,11,10,12,7,6,9,8,7,5,11,10,4,3,12,5,16,4,3,11,10,12,11,12,11,10,9,8,7,6,5,4,3,12,11,10,9,8,7,11,10,6,9,8,7,12,11,10,9,8,7,6,12,11,10,12,11,9,8,7,11,10,6,5,4,3,12,11,10,12,10,9,8,7,6,5,4,3,12,11,10,9,8,7,6,12,11,9,8,7,11,10
reelStrip5=12,11,10,9,8,7,11,10,9,8,7,11,10,6,5,4,7,6,9,8,7,5,11,10,4,12,11,10,12,11,9,8,7,11,10,6,5,4,3,12,11,10,12,10,9,8,7,6,5,4,3,12,11,10,9,8,7,6,12,11,9,8,7,11,10,3,12,5,4,3,11,10,12,11,3,7,6,9,8,7,5,11,10,4,3,12,5,4,3,11,10,12,11,12,11,10,12,6,5,4,3,12,11,10,12,11,10,9,9,8,7,11,10,6,12,11,10,12,11,9,8,7,11,10,6,5,4,3,12,11,10,12,10,9,8,7,6,5,4,16,3,12,11,10,9,8,7,6,12,11,9,8,7,11,10,5,4,3,12,11,10,12,8,7,6,5,4,7,6,9,8,7,5,11,10,4,3,12,5,4,3,11,16,10,12,11,3,9,8,7,12,5,4,3,11,10,9,8,7,6,12,11,10,9,8,7,6
reelStrip6=
reelStripBonus1=
reelStripBonus2=
reelStripBonus3=
reelStripBonus4=
reelStripBonus5=
reelStripBonus6=