reelStrip1=5,8,7,3,9,4,6,8,10,9,5,8,7,2,9,4,6,8,1,9,3,8,7,0,9,6,4,8,10,9,2,8,5,6,9,3,7,8,4,9,0,8,6,5,9,2,7,8,6,9,4,8,7,3,9,5,6,8,1,9,4,8,7,2,9,5,7,3,6,9,4,7,8,10,9,5,8,7,2,9,6,4,8,1,9,5,8,7,3,9,2,6,8,5,9,4,8,7,6,9
reelStrip2=9,7,8,6,9,5,8,10,9,7,8,6,9,3,8,7,9,6,8,4,9,5,8,7,9,6,8,2,9,7,8,6,9,11,8,1,7,9,6,8,4,9,7,8,5,9,6,8,7,9,3,10,8,6,9,7,8,2,6,9,7,8,5,9,6,7,8,11,9,4,0,7,8,6,10,9,3,8,7,9,6,8,4,9,6,8,7,9,11,8,2,9,7,8,1,9,6,5,8,4
reelStrip3=2,6,5,8,7,4,3,6,10,7,8,6,9,4,7,5,9,6,8,7,3,6,9,5,7,4,2,6,8,7,9,6,11,9,7,5,8,6,9,7,2,6,9,4,7,8,5,9,3,6,0,10,5,8,7,4,9,6,2,7,3,6,4,8,7,5,11,8,9,7,1,9,6,8,7,0,6,4,8,7,3,5,6,8,7,2,6,4,10,7,9,5,6,3,7,9,6,4,8,7
reelStrip4=9,7,8,6,9,5,8,10,9,7,8,6,9,3,8,7,9,6,8,4,9,5,8,7,9,6,8,2,9,7,8,6,9,11,8,1,7,9,6,8,4,9,7,8,5,9,6,8,7,9,3,10,8,6,9,7,8,2,6,9,7,8,5,9,6,7,8,11,9,4,0,7,8,6,10,9,3,8,7,9,6,8,4,9,6,8,7,9,11,8,2,9,7,8,1,9,6,5,8,4
reelStrip5=5,8,7,3,9,4,6,8,10,9,5,8,7,2,9,4,6,8,1,9,3,8,7,0,9,6,4,8,10,9,2,8,5,6,9,3,7,8,4,9,0,8,6,5,9,2,7,8,6,9,4,8,7,3,9,5,6,8,1,9,4,8,7,2,9,5,7,3,6,9,4,7,8,10,9,5,8,7,2,9,6,4,8,1,9,5,8,7,3,9,2,6,8,5,9,4,8,7,6,9
reelStrip6=
reelStripBonus1=
reelStripBonus2=
reelStripBonus3=
reelStripBonus4=
reelStripBonus5=
reelStripBonus6=