reelStrip1=6,1,1,1,6,4,4,4,1,9,1,2,2,2,0,7,0,5,2,8,2,5,0,2,2,2,5,1,1,1
reelStrip2=7,6,5,0,7,2,9,2,3,3,3,7,5,1,1,1,4,4,4,2,2,2,0,8,6,0,2,2,2,0
reelStrip3=4,4,4,2,2,2,0,7,5,6,9,4,4,0,6,0,3,8,3,5,1,1,1,5,7,2,2,2,5,0
reelStrip4=2,2,2,0,4,4,4,7,9,5,7,0,5,2,2,2,5,0,5,0,1,1,1,0,8,3,3,3,7,0
reelStrip5=2,2,2,3,3,3,4,4,4,0,7,5,0,9,0,1,1,1,8,1,1,1,2,2,2,6,3,3,3,0
reelStrip6=
reelStripBonus1=6,1,1,1,6,4,4,4,1,9,1,2,2,2,0,7,0,5,2,8,2,5,0,2,2,2,5,1,1,1
reelStripBonus2=7,6,5,0,7,2,9,2,3,3,3,7,5,1,1,1,4,4,4,2,2,2,0,8,6,0,2,2,2,0
reelStripBonus3=4,4,4,2,2,2,0,7,5,6,9,4,4,0,6,0,3,8,3,5,1,1,1,5,7,2,2,2,5,0
reelStripBonus4=2,2,2,0,4,4,4,7,9,5,7,0,5,2,2,2,5,0,5,0,1,1,1,0,8,3,3,3,7,0
reelStripBonus5=2,2,2,3,3,3,4,4,4,0,7,5,0,9,0,1,1,1,8,1,1,1,2,2,2,6,3,3,3,0
reelStripBonus6=