reelStrip1=6,0,6,6,7,6,4,3,7,4,19,20,21,22,3,3,6,6,3,6,7,6,7,5,3,7,5,7,5,5,9,7,7,3,4,4,4,4,5,5,5,7,5,7,7,7,8,3,8,4,6,3,4,4,9,6,8,8,8,8,15,16,17,18,8,8,8,8
reelStrip2=7,7,6,7,4,4,3,6,6,6,3,4,6,6,3,6,4,10,10,10,10,7,7,9,7,5,5,3,4,7,4,4,15,16,17,18,8,4,5,19,20,21,22,8,8,8,11,12,13,14
reelStrip3=6,6,3,3,6,3,9,5,5,5,4,4,5,5,3,8,8,0,5,5,5,5,0,4,4,4,15,16,17,18,5,5,3,7,7,7,9,8,19,20,21,22,8,10,10,10,10,4,4,8,8,11,12,13,14
reelStrip4=8,19,20,21,22,10,10,10,10,7,7,10,7,7,0,7,19,20,21,22,6,3,3,3,9,4,4,0,4,3,4,10,10,10,10,10,3,3,3,6,3,6,4,4,15,16,17,18,6,6,3,4,4,5,5,5,15,16,17,18,8,8,5,5,8,8,11,12,13,14
reelStrip5=5,11,12,13,14,5,7,5,5,7,4,4,0,4,4,5,5,0,6,6,3,4,4,11,12,13,14,4,3,3,7,15,16,17,18,6,3,3,3,6,6,7,19,20,21,22,6,7,7,9,4,19,20,21,22,4,3,3,8,3,8,8,8,15,16,17,18
reelStrip6=
reelStripBonus1=
reelStripBonus2=
reelStripBonus3=
reelStripBonus4=
reelStripBonus5=
reelStripBonus6=