reelStrip1=0,0,0,0,6,5,1,1,1,1,6,8,2,2,2,2,7,5,3,3,3,3,8,5,4,4,4,4,7,6,4,8,8,8,6,5,5,5,5,6,3,7,5,7,8,1,3,4,6,7,8,7,5,7,6,8,2,5,7,5,8,7,5,8,7,6,6,6,6,5,7,7,7,7,6,8,8,8,8,9,6,5,6
reelStrip2=0,8,7,3,2,1,8,7,2,3,6,8,4,6,8,2,2,2,2,7,5,3,3,3,3,8,5,4,4,4,4,7,6,4,8,8,8,6,5,5,5,5,6,3,7,5,7,8,1,3,4,6,7,8,7,5,7,6,8,2,5,7,5,8,7,5,8,7,6,6,6,6,5,7,7,7,7,6,8,8,8,8,9,6,5,6,7,6,4,7,9,5,8,6,5,5,0,0,0,0,0,0,0,6,5,5,1,8,6,7
reelStrip3=0,4,6,8,2,2,2,2,7,5,3,3,3,3,8,5,4,4,4,4,7,6,4,8,8,8,6,5,5,5,5,6,3,7,5,7,8,1,3,4,6,7,8,7,5,7,6,8,2,5,7,5,8,7,5,8,7,6,6,6,6,5,7,7,7,7,6,8,8,8,8,9,6,5,6,4,8,6,7,7,6,1,7,3,2,5,4,2,0,0,0,0,0,0,0,6,5,1,6,8,9,5,8,7,8,3,5,3
reelStrip4=0,4,6,4,5,6,8,2,2,2,2,7,5,3,3,3,3,8,5,4,4,4,4,7,6,4,8,8,8,6,5,5,5,5,6,3,7,5,7,8,1,3,4,6,7,8,7,5,7,6,8,2,5,7,5,8,7,5,8,7,6,6,6,6,5,7,7,7,7,6,8,8,8,8,9,6,5,6,7,8,3,7,9,5,7,8,1,0,0,0,0,0,0,0,0,0,5,6,2,1,2,8,3,6
reelStrip5=0,1,2,3,4,6,8,2,2,2,2,7,5,3,3,3,3,8,5,4,4,4,4,7,6,4,8,8,8,6,5,5,5,5,6,3,7,5,7,8,1,3,4,6,7,8,7,5,7,6,8,2,5,7,5,8,7,5,8,7,6,6,6,6,5,7,7,7,7,6,8,8,8,8,9,6,5,6,0,0,0,0,0,5,6,7,7,5,8,6,5,9,2,8,6,7,8,3,4
reelStrip6=
reelStripBonus1=1, 7, 10, 10, 10, 10, 2, 4, 8, 3, 10, 10, 10, 10, 5, 10, 6, 10, 10, 10, 10, 10, 8, 5, 6, 7, 10, 10, 10, 10, 5, 7, 8, 6, 7, 8, 10, 10, 10, 10, 10
reelStripBonus2=4, 4, 8, 10, 10, 7, 10, 10, 10, 10, 10, 2, 2, 6, 3, 10, 10, 10, 10, 10, 3, 5, 7, 1, 1, 10, 10, 10, 10, 10, 7, 7, 5, 5, 6, 8, 10, 10, 10, 10, 10, 6, 8, 6, 10, 10, 10, 10, 10, 10, 10, 5, 6, 7, 5, 8, 8, 10, 10, 10, 10, 10
reelStripBonus3=10, 10, 10, 10, 6, 6, 5, 7, 7, 2, 10, 10, 10, 10, 10, 10, 8, 8, 5, 7, 8, 1, 10, 10, 10, 10, 10, 8, 5, 10, 2, 1, 10, 10, 10, 10, 10, 10, 10, 6, 5, 6, 7, 3, 10, 4, 10, 10, 10, 10, 10, 10, 3, 4
reelStripBonus4=10, 10, 6, 1, 1, 8, 2, 4, 10, 10, 10, 10, 10, 2, 5, 3, 3, 7, 4, 10, 10, 10, 10, 7, 7, 5, 10, 10, 10, 10, 8, 6, 8, 8, 6, 5, 5, 10, 10, 10, 10, 10, 6, 7, 7, 6, 10, 10, 10, 10, 10, 5, 8, 8, 10, 10, 10, 10, 10, 6, 5, 7, 10, 10, 10, 10, 10
reelStripBonus5=10, 10, 1, 1, 2, 2, 3, 3, 4, 4, 10, 10, 10, 10, 10, 10, 5, 5, 5, 7, 7, 7, 6, 6, 6, 8, 8, 8, 6, 5, 10, 10, 10, 10, 10, 10, 10, 7, 8, 5, 7, 6, 8, 10, 7, 2, 3, 4, 5, 1, 6, 6, 8, 8, 7, 5, 10, 10, 10, 10, 10, 10, 10, 10, 10
reelStripBonus6=