reelStrip1=1,2,2,2,6,1,3,3,3,5,4,4,4,1,5,5,5,7,7,7,8,2,2,2,8,2,6,6,6,8,2,2,2,6,8,6,3,3,3,6,8,6,4,4,4,6,8,3,3,3,8,5,5,5,8,4,4,4,2,2,2,5,5,5
reelStrip2=7,1,2,2,2,1,3,3,3,1,3,4,4,4,1,4,5,5,5,8,2,2,2,8,3,3,3,8,7,7,7,1,2,2,2,1,8,7,3,3,3,4,4,4,8,4,5,5,5,4,4,4,2,2,2,5,5,5,2,2,2,6,6,6
reelStrip3=8,7,5,2,1,2,7,2,6,1,6,7,7,7,1,4,4,4,1,5,5,5,4,8,4,4,4,3,3,3,2,2,2,4,5,5,5,7,3,3,3,7,3,7,5,5,5,6,6,6,3,3,3,5,5,5,4,8,4,4,4,3,3,3
reelStrip4=6,6,6,7,1,7,6,4,4,4,6,5,5,5,7,6,7,4,4,4,6,4,3,3,8,7,6,2,6,7,6,8,7,7,7,3,3,3,4,4,4,5,5,5,3,2,2,5,5,5,2,2,2,6,7,8,7,6,3,3,3,2,2,2
reelStrip5=6,2,6,8,7,7,7,6,8,6,5,5,5,6,8,6,4,4,3,7,8,7,2,2,2,7,8,7,6,6,6,7,8,7,3,3,3,8,1,6,4,4,4,8,1,7,8,1,6,8,2,2,2,7,8,4,4,4,8,5,5,5,7,8
reelStrip6=
reelStripBonus1=
reelStripBonus2=
reelStripBonus3=
reelStripBonus4=
reelStripBonus5=
reelStripBonus6=