reelStrip1=5, 5, 5, 6, 6, 5, 5, 1, 1, 4, 1, 4, 4, 5, 4, 3, 0, 3, 3, 2, 2, 5, 5, 5, 2, 2, 4, 4, 6, 4, 2, 2, 5, 4, 5, 5, 2, 4, 4, 5, 4, 4, 4, 1, 5, 6, 0, 0, 0, 1, 5
reelStrip2=5, 5, 1, 1, 0, 6, 6, 7, 7, 7, 3, 3, 3, 4, 4, 2, 2, 2, 0, 6, 6, 6, 5, 5, 5, 3, 3, 6, 6, 6, 4, 4, 6, 6, 4, 4, 0, 2, 1, 1, 3, 3, 5, 1, 3, 3, 3, 6, 6, 6, 1, 2, 3, 4, 5, 6, 6, 6, 0, 0, 0
reelStrip3=5, 5, 5, 0, 6, 6, 6, 7, 7, 7, 4, 4, 4, 0, 4, 1, 1, 1, 3, 3, 3, 5, 5, 5, 2, 2, 6, 6, 2, 3, 3, 3, 4, 4, 6, 6, 6, 0, 4, 4, 2, 4, 4, 4, 6, 6, 6, 5, 5, 5, 1, 2, 3, 4, 5, 6, 6, 6, 6, 6, 6, 6, 6, 6
reelStrip4=5, 6, 6, 5, 5, 6, 6, 6, 3, 3, 1, 1, 0, 4, 4, 4, 4, 0, 4, 3, 3, 3, 7, 7, 7, 2, 2, 5, 5, 6, 6, 6, 0, 1, 1, 6, 6, 6, 4, 4, 4, 2, 2, 6, 6, 6, 2, 2, 3, 4, 5, 6, 6, 6, 2, 0, 0, 0, 3, 3, 3
reelStrip5=5, 5, 5, 1, 1, 4, 6, 6, 4, 4, 4, 4, 3, 3, 3, 5, 0, 6, 6, 2, 2, 0, 3, 3, 6, 6, 6, 0, 1, 5, 5, 5, 2, 2, 1, 1, 4, 4, 4, 0, 5, 5, 6, 6, 6, 2, 3, 3, 3, 4, 4, 4, 5, 5, 6, 6, 6
reelStrip6=
reelStripBonus1=5, 5, 5, 6, 6, 5, 5, 1, 1, 4, 1, 4, 4, 5, 4, 3, 0, 3, 3, 2, 2, 5, 5, 5, 2, 2, 4, 4, 6, 4, 2, 2, 5, 4, 5, 5, 2, 4, 4, 5, 4, 4, 4, 1, 5, 6, 0, 0, 0, 1, 5
reelStripBonus2=5, 5, 1, 1, 0, 6, 6, 7, 7, 7, 3, 3, 3, 4, 4, 2, 2, 2, 0, 6, 6, 6, 5, 5, 5, 3, 3, 6, 6, 6, 4, 4, 6, 6, 4, 4, 0, 2, 1, 1, 3, 3, 5, 1, 3, 3, 3, 6, 6, 6, 1, 2, 3, 4, 5, 6, 6, 6, 0, 0, 0
reelStripBonus3=5, 5, 5, 0, 6, 6, 6, 7, 7, 7, 4, 4, 4, 0, 4, 1, 1, 1, 3, 3, 3, 5, 5, 5, 2, 2, 6, 6, 2, 3, 3, 3, 4, 4, 6, 6, 6, 0, 4, 4, 2, 4, 4, 4, 6, 6, 6, 5, 5, 5, 1, 2, 3, 4, 5, 6, 6, 6, 6, 6, 6, 6, 6, 6
reelStripBonus4=5, 6, 6, 5, 5, 6, 6, 6, 3, 3, 1, 1, 0, 4, 4, 4, 4, 0, 4, 3, 3, 3, 7, 7, 7, 2, 2, 5, 5, 6, 6, 6, 0, 1, 1, 6, 6, 6, 4, 4, 4, 2, 2, 6, 6, 6, 2, 2, 3, 4, 5, 6, 6, 6, 2, 0, 0, 0, 3, 3, 3
reelStripBonus5=5, 5, 5, 1, 1, 4, 6, 6, 4, 4, 4, 4, 3, 3, 3, 5, 0, 6, 6, 2, 2, 0, 3, 3, 6, 6, 6, 0, 1, 5, 5, 5, 2, 2, 1, 1, 4, 4, 4, 0, 5, 5, 6, 6, 6, 2, 3, 3, 3, 4, 4, 4, 5, 5, 6, 6, 6
reelStripBonus6=