reelStrip1=8,8,8,4,4,4,2,2,2,2,5,5,5,2,2,2,5,5,5,1,2,2,2,3,3,3,2,2,2,5,5,5,2,2,2,5,5,5,2,2,2,7,7,7,1,2,2,2,8,8,8,2,2,2,6,6,6,2,2,2,2,2,2,1
reelStrip2=3,3,3,4,4,4,3,3,3,6,6,6,3,3,3,3,3,3,3,8,8,8,6,6,6,3,3,3,8,8,8,1,3,3,3,2,2,2,3,3,3,6,6,6,5,5,5,7,7,7,1,3,3,3,6,6,6,3,3,3,6,6,6,1
reelStrip3=2,2,2,4,4,4,3,3,3,4,4,4,7,7,7,4,4,4,7,7,7,4,4,4,8,8,8,4,4,4,4,4,8,1,4,4,4,6,6,6,4,4,4,7,7,7,1,4,4,4,7,7,7,8,4,4,4,4,5,5,5,7,7,7
reelStrip4=5,5,5,5,5,5,5,5,5,5,5,5,8,8,8,8,8,8,4,4,4,4,4,4,4,4,4,4,1,3,2,2,2,2,3,2,2,2,2,2,2,6,6,6,6,6,6,7,7,7,1,3,3,3,3,3,3,3,3,3,4,3,3,3
reelStrip5=4,4,4,4,4,4,4,4,4,4,4,6,6,6,6,6,6,6,6,6,6,6,6,6,6,6,7,7,7,2,5,5,5,5,5,5,5,5,5,5,5,8,8,8,8,8,8,8,3,3,3,3,3,3,4,3,2,2,2,2,2,3,2,2
reelStrip6=
reelStripBonus1=
reelStripBonus2=
reelStripBonus3=
reelStripBonus4=
reelStripBonus5=
reelStripBonus6=