reelStrip1=8,1,4,10,5,2,6,1,5,11,3,6,1,4,2,10,5,6,7,2
reelStrip2=2,8,12,6,1,5,8,2,4,11,5,9,2,4,1,7,12,8,3,10
reelStrip3=4,0,11,1,8,10,6,4,8,1,3,2,9,5,10,7,0,3,6,2
reelStrip4=2,6,3,5,2,8,12,7,0,5,10,5,7,11,4,8,6,12,4,9
reelStrip5=6,1,7,10,5,0,11,4,5,10,2,9,5,4,8,7,5,10,3,4
reelStrip6=
reelStripBonus1=8,1,4,10,5,2,6,1,5,11,3,6,1,4,2,10,5,6,7,2
reelStripBonus2=2,8,12,6,1,5,8,2,4,11,5,9,2,4,1,7,12,8,3,10
reelStripBonus3=4,0,11,1,8,10,6,4,8,1,3,2,9,5,10,7,0,3,6,2
reelStripBonus4=2,6,3,5,2,8,12,7,0,5,10,5,7,11,4,8,6,12,4,9
reelStripBonus5=6,1,7,10,5,0,11,4,5,10,2,9,5,4,8,7,5,10,3,4
reelStripBonus6=