reelStrip1=0, 2, 4, 12, 5, 6, 7, 8, 11, 10, 9, 4, 5, 6, 7, 8, 9, 10, 1, 11, 8, 9, 3, 10, 11, 7, 8, 10, 9, 11, 4, 6, 5
reelStrip2=1, 8, 9, 10, 7, 3, 12, 4, 5, 11, 6, 8, 10, 7, 0, 8, 9, 10, 11, 9, 2, 8, 11, 9, 10, 11, 6, 4, 5, 4, 7, 5, 6
reelStrip3=4, 5, 2, 6, 12, 9, 8, 10, 1, 5, 7, 10, 9, 8, 11, 8, 9, 6, 1, 7, 10, 6, 11, 4, 7, 5, 8, 9, 10, 3, 11, 6
reelStrip4=3, 4, 5, 6, 7, 8, 11, 12, 10, 4, 9, 5, 7, 8, 2, 9, 10, 11, 8, 6, 10, 9, 5, 1, 11, 8, 6, 0, 9, 11, 10, 7, 4, 5
reelStrip5=2, 5, 4, 12, 6, 8, 7, 9, 0, 11, 10, 5, 6, 4, 3, 7, 8, 11, 10, 9, 8, 9, 10, 11, 1, 8, 4, 7, 9, 4, 11, 6, 10, 5, 7, 6
reelStrip6=
reelStripBonus1=8, 7, 5, 0, 8, 5, 10, 8, 7, 10, 1, 10, 6, 6, 4, 10, 8, 9, 4, 7, 9, 10, 3, 7, 2, 9, 11, 7, 10, 11, 6, 11, 9, 11, 4, 5
reelStripBonus2=4, 5, 6, 4, 1, 11, 5, 11, 10, 11, 6, 3, 8, 9, 10, 7, 9, 9, 7, 7, 8, 5, 7, 0, 10, 2, 10, 8, 8, 10, 5, 6, 10, 6, 4, 6, 7, 11, 9
reelStripBonus3=4, 7, 4, 8, 11, 11, 7, 0, 10, 11, 7, 9, 10, 8, 8, 10, 1, 10, 4, 10, 6, 9, 6, 9, 10, 5, 6, 5, 2, 9, 9, 7, 4, 10, 11, 8, 3, 5, 11, 8, 5, 10
reelStripBonus4=7, 6, 4, 11, 0, 10, 4, 10, 7, 8, 8, 10, 8, 6, 1, 7, 11, 11, 5, 11, 6, 9, 5, 3, 5, 6, 9, 2, 6, 5, 9, 10, 7, 8, 4, 9, 10, 11, 10, 8, 9, 10, 4
reelStripBonus5=9, 0, 4, 8, 9, 4, 3, 9, 8, 6, 5, 2, 5, 7, 7, 8, 1, 5, 9, 10, 11, 10, 11, 9, 7, 10, 6, 8, 11, 1, 5, 10, 6, 11, 9, 10, 3, 8, 10, 9, 4, 6, 7, 10, 8
reelStripBonus6=