reelStrip1=1,1,1,6,6,6,6,7,7,7,7,4,4,4,4,3,3,3,9,0,0,0,7,2,2,2,5,5,5,3,3,3,4,4,4,7
reelStrip2=3,3,3,1,1,1,8,8,8,8,7,7,7,2,2,2,6,6,6,4,4,4,9,7,0,0,0,5,5,5,8,4,4,4,3,3,3,7
reelStrip3=3,3,3,1,1,1,8,8,8,8,7,7,7,2,2,2,6,6,6,4,4,4,9,7,0,0,0,5,5,5,8,4,4,4,3,3,3,7
reelStrip4=3,3,3,1,1,1,8,8,8,8,7,7,7,2,2,2,6,6,6,4,4,4,9,7,0,0,0,5,5,5,8,4,4,4,3,3,3,7
reelStrip5=1,1,1,6,6,6,6,7,7,7,7,4,4,4,4,3,3,3,9,0,0,0,7,2,2,2,5,5,5,3,3,3,4,4,4,7
reelStrip6=
reelStripBonus1=
reelStripBonus2=
reelStripBonus3=
reelStripBonus4=
reelStripBonus5=
reelStripBonus6=