reelStrip1=2,4,1,0,0,0,2,5,0,4,2,7,6,3,8,7,9,10,11,5,3,1,0,5,1,1,1,1,0,2,5,0,4,2,7,6,3,3,3,8,7,9,8,9,10,3,6,8,9,2,11,8,4,2,2,2,6,8,4,2,1,0,0,0,0,10,11,6,4,8,2,0,3
reelStrip2=2,4,1,0,2,5,0,4,2,7,6,3,8,7,9,10,11,5,3,1,0,5,8,9,10,1,1,1,1,0,2,5,0,4,2,7,6,3,8,7,9,3,6,8,9,2,11,8,4,2,6,8,4,2,1,3,3,3,0,10,11,6,4,8,2,2,2,0,3
reelStrip3=2,4,1,0,1,0,2,5,0,4,2,7,6,3,8,7,9,2,2,2,5,0,0,0,0,4,2,7,6,3,8,7,9,10,11,5,3,1,1,1,1,0,5,8,9,10,3,3,3,6,1,0,2,5,0,4,2,7,6,3,8,7,9,8,9,2,11,8,4,2,6,8,4,2,1,0,0,0,0,10,11,6,4,1,0,2,5,0,4,2,7,6,3,8,7,9,8,2,0,3
reelStrip4=2,4,1,0,2,5,1,1,1,1,0,2,5,0,4,2,7,6,3,8,7,9,0,0,0,0,4,2,2,2,2,7,6,3,8,7,9,10,11,5,3,1,0,5,8,9,10,3,3,3,6,8,9,2,11,8,4,2,6,8,4,2,1,0,10,11,6,4,8,2,0,3
reelStrip5=2,4,1,0,2,5,0,4,2,7,6,3,8,7,9,10,11,5,3,1,0,2,5,0,4,2,7,6,3,8,7,9,1,0,5,8,9,10,3,3,3,6,8,9,2,11,8,4,2,6,8,4,2,1,1,1,0,0,0,0,10,11,6,4,8,2,0,3
reelStrip6=
reelStripBonus1=
reelStripBonus2=
reelStripBonus3=
reelStripBonus4=
reelStripBonus5=
reelStripBonus6=