reelStrip1=9,1,7,6,8,8,11,9,4,11,5,2,11,7,7,6,8,11,7,5,4,10,10,3,5,9,10,3,12,6,8,3,1,11,11,6,5,8,2,11,10,4,9,10,5,4,10,9,9,1,3,10,8,9,4,7,2,8,6
reelStrip2=6,9,10,3,6,0,11,4,7,10,8,7,0,5,9,6,11,4,10,8,0,10,6,11,5,1,11,9,12,6,2,10,7,2,10,0,5,7,6,11,12,2,4,8,5,9,8,3,12,1,11,2,7,9,4,3,9,1,8
reelStrip3=9,11,3,9,10,0,1,6,4,8,5,1,0,2,10,6,7,9,3,7,0,10,11,2,6,11,5,2,12,8,2,3,11,8,6,0,5,9,6,8,12,10,1,8,5,9,7,4,0,3,5,10,7,11,10,4,7,11,4
reelStrip4=8,10,7,6,5,0,7,1,6,7,5,2,0,8,6,5,9,10,10,1,0,2,6,8,3,11,9,3,12,6,8,8,1,11,4,0,11,2,10,3,12,10,5,11,9,9,2,4,12,7,7,11,11,9,4,3,9,10,4
reelStrip5=10,3,11,5,4,6,10,7,2,9,5,11,2,7,3,5,2,3,8,8,6,11,11,7,5,6,9,3,12,5,6,10,11,8,4,6,10,8,9,9,1,4,7,7,9,1,8,10,10,3,8,4,1,9,4,10,7,2,1
reelStrip6=
reelStripBonus1=9,1,7,6,8,8,11,9,4,11,5,2,11,7,7,6,8,11,7,5,4,10,10,3,5,9,10,3,12,6,8,3,1,11,11,6,5,8,2,11,10,4,9,10,5,4,10,9,9,1,3,10,8,9,4,7,2,8,6
reelStripBonus2=6,9,10,3,6,0,11,4,7,10,8,7,0,5,9,6,11,4,10,8,0,10,6,11,5,1,11,9,12,6,2,10,7,2,10,0,5,7,6,11,12,2,4,8,5,9,8,3,12,1,11,2,7,9,4,3,9,1,8
reelStripBonus3=9,11,3,9,10,0,1,6,4,8,5,1,0,2,10,6,7,9,3,7,0,10,11,2,6,11,5,2,12,8,2,3,11,8,6,0,5,9,6,8,12,10,1,8,5,9,7,4,0,3,5,10,7,11,10,4,7,11,4
reelStripBonus4=8,10,7,6,5,0,7,1,6,7,5,2,0,8,6,5,9,10,10,1,0,2,6,8,3,11,9,3,12,6,8,8,1,11,4,0,11,2,10,3,12,10,5,11,9,9,2,4,12,7,7,11,11,9,4,3,9,10,4
reelStripBonus5=10,3,11,5,4,6,10,7,2,9,5,11,2,7,3,5,2,3,8,8,6,11,11,7,5,6,9,3,12,5,6,10,11,8,4,6,10,8,9,9,1,4,7,7,9,1,8,10,10,3,8,4,1,9,4,10,7,2,1
reelStripBonus6=